18000 30 294 3 26 1 4 7 19 44 42 2 42 5 3 4 40 6 34 32 31 8 50 36 19 14 31 13 32 9 13 43 24 35 23 20 36 21 49 34 45 19 40 26 5 16 9 11 15 24 33 15 18 17 22 31 34 37 17 29 20 27 12
18001 30 307 43 49 1 18 7 27 6 20 21 31 11 49 14 11 42 1 15 23 27 20 31 45 50 34 9 49 45 14 2 16 47 14 5 44 3 34 30 50 22 39 12 43 25 50 13 25 26 19 4 42 18 23 8 6 16 35 24 27 37 6
18002 30 291 18 50 42 24 1 15 41 29 2 11 3 47 19 40 31 21 11 43 37 9 9 24 14 3 15 15 13 18 6 16 33 25 5 8 10 21 17 32 8 43 48 45 4 37 12 20 20 25 28 24 25 17 16 29 36 30 38 47 21 15
18003 30 285 1 48 20 11 22 8 2 11 21 26 14 33 4 9 15 41 7 37 16 3 24 4 5 27 3 36 25 31 17 12 13 39 45 40 11 11 12 26 8 42 18 28 43 29 29 39 41 37 27 38 9 31 10 41 39 11 37 34 33 46
18004 30 293 1 37 25 9 4 25 9 42 31 49 38 40 44 36 16 2 5 14 28 7 2 10 10 43 41 13 7 10 26 42 3 30 24 47 11 31 20 39 19 23 45 23 13 41 40 30 14 40 6 49 18 11 34 36 8 34 12 24 33 40
18005 30 292 15 31 32 38 18 7 2 4 13 48 48 44 21 11 1 32 39 13 24 19 17 36 7 31 5 35 34 8 4 23 33 3 6 20 3 49 30 18 11 22 8 38 9 19 16 45 14 4 12 46 22 33 43 49 41 24 27 34 29 8
18006 30 334 20 43 17 28 1 21 3 2 8 30 48 9 6 40 25 15 49 14 2 17 16 19 45 13 9 6 5 47 30 22 36 27 4 25 27 44 33 1 10 47 22 16 14 25 12 16 15 11 47 30 32 48 11 22 46 14 37 49 38 4
18007 30 315 1 19 2 26 3 42 6 40 5 26 37 22 22 2 15 16 10 21 41 9 18 6 11 30 35 6 16 38 27 4 45 43 4 38 21 8 17 5 43 25 7 26 19 8 9 6 20 17 46 17 25 12 39 46 29 3 24 41 33 14
18008 30 303 12 28 6 21 4 49 17 50 9 46 7 10 3 13 11 22 1 50 42 20 8 27 26 16 14 13 49 12 2 22 18 50 19 17 35 45 28 13 5 22 13 32 25 50 21 13 41 25 43 48 39 28 44 37 29 21 20 26 16 4
18009 30 316 6 20 1 5 38 26 5 40 3 2 15 9 2 31 40 24 4 16 46 4 35 36 24 7 21 9 45 14 17 39 13 11 23 13 9 40 20 28 22 2 14 12 16 4 11 22 36 45 8 19 27 37 10 6 44 14 49 47 29 42
18010 30 308 47 7 1 10 12 46 2 44 4 17 3 50 6 38 15 46 5 20 30 45 8 40 10 40 20 13 16 15 34 31 7 26 27 30 36 21 18 16 22 14 28 18 17 27 26 48 33 28 42 15 13 27 37 9 9 25 44 35 45 2
18011 30 290 1 18 41 50 13 42 25 29 23 4 44 13 2 15 5 26 8 6 35 41 15 13 3 21 14 28 43 9 19 7 26 42 27 32 20 24 4 1 22 34 36 34 16 5 12 8 17 6 9 23 33 19 6 30 21 23 10 12 30 29
18012 30 291 2 6 19 43 1 16 4 15 3 25 5 34 10 5 17 10 47 11 14 49 8 49 13 24 28 37 31 13 18 35 21 39 6 47 9 23 27 40 40 40 20 5 12 37 30 10 7 36 37 22 11 49 39 10 34 36 45 38 25 13
18013 30 293 3 18 30 46 1 2 21 37 4 5 20 26 9 26 2 5 27 43 8 13 18 16 40 39 5 40 39 11 49 50 7 39 15 33 22 33 14 15 35 1 17 31 10 34 12 16 13 48 19 40 23 19 41 16 34 15 38 27 11 15
18014 30 309 7 6 1 38 39 39 23 8 15 20 5 10 25 37 3 50 11 9 38 43 34 8 31 10 10 37 16 11 27 28 2 50 12 41 8 2 24 11 9 24 26 46 37 43 29 20 17 27 46 5 13 20 6 11 20 43 40 41 44 31
18015 30 294 11 30 1 9 17 34 10 4 16 8 6 35 21 2 3 27 4 4 7 19 27 36 2 2 9 21 5 30 14 9 18 29 40 42 20 6 25 45 13 2 36 21 32 19 45 47 47 25 38 31 12 41 30 19 28 20 15 24 37 21
18016 30 321 47 43 3 16 18 33 4 32 2 30 7 24 5 44 1 12 37 11 8 25 10 6 42 16 39 44 48 4 6 27 49 8 17 8 27 9 21 50 12 6 15 34 9 27 16 6 29 9 13 26 11 20 34 28 41 1 26 24 45 8
18017 30 297 12 6 2 18 24 20 29 39 6 1 46 22 17 45 31 14 1 42 5 38 11 15 10 1 4 16 26 33 25 41 9 33 49 6 22 42 3 4 28 10 21 37 8 48 14 10 37 42 19 18 13 12 39 14 48 26 20 25 15 41
18018 30 285 39 20 1 9 8 46 4 35 2 30 24 46 20 8 5 2 7 40 25 24 10 26 17 50 29 24 21 39 11 2 6 23 9 22 12 23 14 3 26 10 45 33 37 23 3 47 16 15 40 26 22 50 18 10 32 44 35 38 33 10
18019 30 289 2 7 14 20 1 47 6 45 23 20 5 7 9 21 7 2 17 30 3 40 11 4 32 41 8 24 13 31 25 37 10 38 37 36 16 6 42 5 22 8 18 5 30 50 4 4 35 48 36 15 15 48 12 15 49 28 31 40 46 37
18020 30 299 8 36 4 15 1 17 2 31 19 21 25 40 6 49 22 43 45 48 28 7 27 33 5 44 11 25 3 25 36 30 26 24 23 5 10 6 20 30 15 15 44 37 31 47 7 14 9 46 38 43 40 7 49 5 18 48 12 45 14 1
18021 30 308 6 49 4 3 2 9 16 29 22 18 7 12 10 48 3 7 42 50 41 17 1 35 5 39 9 25 44 24 8 24 11 30 20 34 36 17 39 43 24 33 27 5 28 23 17 18 19 49 21 41 12 37 46 24 48 27 14 21 35 18
18022 30 302 14 16 1 33 3 38 10 9 23 19 42 49 24 46 36 27 13 49 2 17 12 6 43 34 6 6 7 7 5 41 41 29 20 37 37 32 11 23 9 6 15 14 4 37 16 12 8 1 39 9 34 50 19 13 45 44 28 10 38 20
18023 30 313 4 1 6 14 2 12 1 10 34 14 14 3 31 18 7 27 17 26 5 3 21 25 32 28 9 46 46 28 3 4 16 5 8 4 37 23 15 41 20 37 27 14 42 38 41 7 24 20 19 10 11 50 39 37 33 4 18 31 44 37
18024 30 300 5 15 43 15 2 6 20 17 3 31 8 3 1 27 13 18 27 11 26 48 39 28 38 12 14 19 18 26 23 48 41 17 16 48 34 12 11 12 36 23 22 22 9 44 12 5 28 6 47 46 6 6 30 34 17 38 4 34 7 2
18025 30 298 2 46 1 6 6 5 7 14 8 50 9 34 25 27 12 22 46 20 5 22 40 14 22 15 3 4 26 20 15 25 31 28 39 3 18 1 16 21 34 26 48 28 29 49 4 5 17 11 21 12 35 11 23 46 32 50 10 37 13 6
18026 30 302 12 13 3 11 1 26 10 15 24 22 4 20 2 16 8 45 6 13 21 32 29 28 7 19 15 20 34 20 11 20 5 37 16 37 26 42 14 38 45 41 35 3 19 12 25 2 33 15 23 33 20 22 28 39 49 33 44 21 36 26
18027 30 286 4 46 1 14 2 36 23 28 3 24 10 31 11 33 12 38 7 49 47 19 26 16 43 36 8 6 5 33 17 36 25 43 37 11 9 29 29 1 22 28 36 12 13 10 24 6 42 11 6 20 19 37 16 28 28 41 14 15 34 21
18028 30 285 5 8 2 1 3 34 1 5 9 29 35 41 8 9 17 1 4 43 11 37 22 47 16 26 6 4 13 15 7 24 41 5 15 44 18 28 29 42 10 47 12 39 32 20 31 21 42 6 20 6 38 18 28 48 26 23 24 23 45 25
18029 30 288 3 43 1 36 2 17 36 22 5 21 41 10 22 4 6 30 17 13 13 22 19 29 14 47 11 13 8 21 10 3 7 21 4 8 18 13 37 38 16 6 39 17 28 44 30 38 20 26 15 18 29 1 32 30 26 37 46 33 21 44
18030 30 312 3 41 10 27 41 22 15 39 1 50 7 34 17 15 42 50 18 1 14 32 2 22 45 45 47 2 22 43 12 7 5 42 43 41 6 3 8 7 48 7 20 1 11 18 4 20 13 14 46 19 19 9 26 8 9 36 49 16 21 13
18031 30 295 5 41 45 30 12 38 23 17 7 21 11 45 17 16 1 9 32 12 8 3 4 43 13 15 20 19 14 38 10 12 3 39 9 13 19 48 2 24 15 34 48 46 30 43 6 30 24 6 35 33 33 10 46 43 42 24 16 13 40 5
18032 30 298 2 17 12 6 22 26 19 17 15 3 1 10 33 36 24 29 20 49 28 25 3 5 14 3 13 1 36 50 7 50 37 15 8 33 4 18 16 47 48 44 25 14 42 8 18 12 45 33 5 14 27 44 26 18 9 39 32 31 6 6
18033 30 298 7 38 26 11 1 39 20 9 39 22 5 1 25 9 47 30 3 39 8 17 37 38 34 36 6 14 14 12 9 30 41 19 4 39 23 25 35 4 2 22 10 24 49 41 11 30 13 27 27 26 17 30 12 22 19 3 22 20 31 41
18034 30 309 3 37 4 49 18 42 1 46 5 41 31 41 2 39 7 22 33 20 34 6 11 35 40 39 9 8 15 18 37 24 30 29 8 48 17 27 32 17 16 8 22 3 10 19 6 21 29 17 43 19 48 7 23 23 35 26 36 28 13 2
18035 30 315 8 8 3 2 4 15 12 17 1 37 2 6 21 25 9 35 14 37 7 10 30 45 5 37 33 28 15 3 6 18 45 31 19 41 24 38 25 39 23 49 41 47 28 1 16 46 49 17 35 19 22 12 29 49 47 1 37 35 20 35
18036 30 306 6 12 10 43 4 41 1 35 5 50 2 11 3 27 19 16 13 8 38 8 31 11 25 28 8 41 37 28 47 10 21 37 11 25 20 45 48 39 12 46 23 23 9 44 46 3 27 12 7 44 34 15 24 31 22 39 30 48 29 43
18037 30 306 3 12 2 39 9 23 1 35 32 35 10 10 47 1 17 46 8 36 4 27 42 21 43 42 5 42 26 24 16 27 40 24 15 16 22 3 29 34 7 22 13 27 46 16 19 16 6 50 20 1 12 3 30 31 27 2 38 39 23 23
18038 30 282 10 30 2 47 6 17 3 47 4 26 23 30 1 41 13 18 21 22 45 14 9 24 26 28 36 17 30 6 7 25 18 42 32 46 8 15 29 30 5 50 24 1 16 14 34 29 39 32 12 43 35 27 25 36 19 44 22 13 11 31
18039 30 290 2 48 1 22 33 27 18 28 3 27 21 38 13 20 17 42 5 34 35 7 12 32 40 42 10 22 7 26 6 43 4 5 41 18 43 9 9 40 8 2 26 1 14 5 23 30 15 7 25 37 48 6 34 14 24 4 16 30 27 7
18040 30 281 8 33 4 3 2 10 9 45 30 29 1 26 39 22 10 35 17 4 37 48 16 9 6 26 3 25 13 44 23 37 22 17 18 20 7 23 20 1 5 16 42 12 15 12 11 43 12 6 41 49 21 33 28 49 38 36 33 32 32 2
18041 30 320 17 24 26 45 3 43 6 23 19 17 2 18 1 20 4 2 31 9 13 3 41 25 22 7 23 49 14 35 8 12 12 31 45 41 33 23 5 10 30 31 24 37 10 18 47 2 7 48 38 16 9 35 43 41 49 47 42 22 16 44
18042 30 314 1 13 22 18 35 47 8 33 10 43 17 25 3 47 7 49 36 29 15 30 2 32 4 16 9 23 25 22 29 46 46 11 33 33 13 28 28 16 5 8 14 30 18 29 26 36 20 21 47 8 41 14 38 34 19 6 23 3 34 33
18043 30 298 3 40 10 8 1 7 15 16 14 31 11 44 30 46 25 18 9 26 7 22 12 48 4 24 18 49 13 46 2 41 6 25 38 18 5 33 27 49 31 20 8 12 47 24 23 20 24 20 41 27 43 13 21 10 32 47 33 36 44 39
18044 30 309 2 48 1 14 18 21 36 31 23 50 14 23 38 31 48 17 6 36 3 39 30 41 8 13 41 39 7 21 15 1 40 36 10 15 4 27 5 20 25 32 12 49 20 15 27 50 11 31 44 32 39 10 21 23 13 33 16 11 42 17
18045 30 321 21 16 4 50 2 49 7 36 29 14 3 16 22 33 30 9 24 43 43 36 12 33 5 9 13 31 45 7 47 21 1 9 14 23 8 39 10 40 17 5 6 33 9 17 26 40 34 19 11 39 42 12 41 40 31 28 37 41 48 9
18046 30 291 20 26 6 41 36 17 8 29 15 49 1 8 5 31 3 11 19 35 30 5 4 30 43 42 35 36 34 30 2 41 26 48 9 38 39 19 18 4 21 42 14 1 22 15 32 44 10 40 7 27 33 21 12 3 16 47 17 10 45 12
18047 30 309 28 14 1 27 49 17 6 2 3 17 5 2 18 49 2 14 43 23 10 46 14 17 8 49 32 14 4 7 35 33 21 23 30 26 17 47 13 28 39 24 9 43 7 43 25 42 31 49 20 38 27 49 22 47 44 23 16 9 40 23
18048 30 308 21 27 23 44 3 11 40 35 6 9 2 44 14 16 17 15 1 27 30 20 15 32 4 24 20 6 16 11 5 38 8 33 44 14 46 4 35 8 26 39 27 50 9 48 7 42 11 1 37 14 28 18 41 24 18 36 39 7 24 37
18049 30 308 1 16 3 11 19 49 12 24 11 47 14 10 2 27 10 45 4 20 28 4 9 19 6 33 36 31 7 15 45 35 46 14 32 47 5 23 29 50 16 33 42 19 34 47 26 5 8 16 20 43 39 7 44 8 18 41 13 26 37 18
