18000 20 178 3 26 1 4 7 19 44 42 2 42 5 3 4 40 6 34 32 31 8 50 36 19 14 31 13 32 9 13 43 24 35 23 20 36 21 49 34 45 19 40
18001 20 161 31 2 8 50 1 26 7 43 16 9 5 3 11 15 3 23 9 42 15 18 38 46 4 22 17 22 20 30 26 43 2 39 37 17 14 46 30 38 29 20
18002 20 220 6 19 1 25 26 4 29 21 2 47 21 25 27 12 43 25 7 27 5 16 11 49 14 11 42 1 45 50 20 1 31 45 50 34 9 49 4 6 47 14
18003 20 142 5 44 7 15 2 31 1 1 8 31 9 9 21 13 22 39 11 13 12 43 25 50 13 25 26 19 4 42 18 23 39 34 3 14 16 35 6 32 37 6
18004 20 167 18 50 42 24 1 15 41 29 2 11 3 47 19 40 31 21 11 43 37 9 9 24 14 3 15 15 13 18 6 16 33 25 5 8 10 21 17 32 8 43
18005 20 177 1 7 2 36 33 34 48 45 3 10 4 37 9 25 12 20 20 25 11 19 28 24 25 17 16 29 18 29 42 9 10 48 38 47 6 38 8 30 21 26
18006 20 138 14 33 1 10 2 50 4 9 15 41 7 37 16 3 24 4 5 27 3 36 25 31 17 12 13 39 11 11 12 26 8 42 18 28 43 29 10 31 29 39
18007 20 137 4 48 3 18 1 17 15 38 5 40 10 2 6 35 30 36 18 35 21 32 7 47 14 10 2 43 11 17 24 43 9 25 27 34 37 34 8 23 23 19
18008 20 196 1 21 3 15 39 49 20 8 33 46 13 29 25 9 4 25 9 42 2 26 31 49 38 40 44 36 16 2 24 41 5 14 28 7 10 43 41 13 7 10
18009 20 209 26 42 3 30 2 28 24 47 36 39 4 43 11 31 20 39 1 33 19 23 45 23 48 39 40 30 14 40 41 50 6 49 18 11 31 10 8 34 22 28
18010 20 183 19 9 1 22 5 23 12 24 8 10 33 40 15 31 6 42 24 41 32 38 18 7 13 48 9 15 28 11 21 11 37 10 39 13 22 36 17 36 7 31
18011 20 169 1 6 2 12 3 7 24 15 5 37 34 8 4 23 33 3 40 41 7 42 11 22 8 38 6 32 9 19 16 45 14 4 12 46 48 6 43 27 18 36
18012 20 216 7 13 2 44 1 34 9 9 22 33 43 49 17 34 41 24 24 32 27 34 32 48 20 43 3 2 8 30 48 9 6 40 13 47 49 14 16 19 45 13
18013 20 164 3 21 9 6 24 45 1 7 13 36 36 27 4 25 27 44 5 4 33 1 8 3 22 16 17 1 11 2 2 3 14 25 7 40 15 11 32 48 46 14
18014 20 194 6 37 4 21 48 12 37 49 7 16 1 6 38 4 29 46 49 39 2 26 3 42 13 24 5 26 22 2 10 21 9 22 41 9 18 6 11 30 35 6
18015 20 167 5 4 7 35 1 16 2 21 27 4 22 16 6 13 45 43 4 38 21 8 13 5 17 5 3 46 43 25 8 44 9 6 10 20 20 17 46 17 25 12
18016 20 202 2 5 7 19 1 39 31 13 29 3 43 34 35 49 12 28 6 17 4 41 9 46 3 13 11 22 42 20 14 13 49 12 18 50 19 17 41 46 28 13
18017 20 190 5 22 2 10 1 47 3 3 11 32 12 39 28 47 7 20 18 21 25 34 35 7 6 18 41 25 9 14 19 32 4 23 43 48 39 28 44 37 29 21
18018 20 197 20 26 1 17 8 24 12 5 16 4 6 20 38 26 5 40 3 2 15 9 2 31 40 24 4 16 37 22 46 4 35 36 24 7 21 9 45 14 17 39
18019 20 166 5 34 13 11 45 34 1 46 6 47 9 40 20 28 23 25 4 29 22 2 14 12 16 4 2 20 11 22 3 36 8 19 27 37 10 6 44 14 49 47
18020 20 165 29 42 47 7 1 10 12 46 2 44 4 17 3 50 6 38 15 46 5 20 30 45 8 40 10 40 20 13 16 15 34 31 7 26 27 30 36 21 18 16
18021 20 184 27 38 3 38 2 19 18 33 5 8 17 27 28 7 1 23 38 48 33 28 12 50 6 47 42 15 13 27 26 38 4 13 15 4 7 45 34 14 37 9
18022 20 137 3 3 1 38 9 25 23 38 7 3 37 45 13 28 4 10 6 42 27 8 10 21 25 29 2 15 5 21 8 6 15 13 14 28 17 15 26 42 22 34
18023 20 177 3 46 1 16 36 34 12 8 17 6 2 4 33 19 5 29 6 30 21 23 14 40 8 49 30 29 19 43 4 15 15 32 47 11 44 39 26 11 11 27
18024 20 154 8 49 1 42 13 24 5 16 47 34 2 6 10 26 21 39 14 1 3 11 19 50 4 16 9 23 27 40 40 40 20 5 12 37 30 10 17 29 7 36
18025 20 174 2 30 1 29 3 4 29 33 15 49 7 11 12 48 4 37 34 36 39 14 13 41 25 13 30 46 11 27 21 37 48 1 20 26 9 26 8 13 18 16
18026 20 169 1 13 40 39 3 35 5 18 4 50 33 18 49 50 7 39 22 33 14 15 35 1 2 37 27 45 18 39 17 31 10 34 8 28 12 16 13 48 19 40
18027 20 190 16 49 5 26 8 35 15 14 2 48 23 19 1 45 12 40 18 7 4 29 19 44 13 49 41 16 9 33 34 15 38 27 11 15 39 39 25 37 48 11
18028 20 168 1 10 17 38 38 43 31 10 3 39 7 23 16 11 2 5 12 41 5 28 4 33 8 2 24 11 9 24 46 13 37 43 35 5 19 50 10 48 13 20
18029 20 156 10 26 1 46 6 11 3 42 11 32 15 35 2 46 7 35 40 41 33 26 17 34 35 14 21 2 4 4 27 36 18 4 14 9 16 38 20 6 13 2
18030 20 148 12 9 2 39 20 47 1 14 17 30 5 36 4 38 27 7 18 34 13 29 9 31 38 43 10 17 30 35 7 19 39 18 22 35 3 18 14 31 6 24
18031 20 171 9 1 7 31 38 37 47 38 2 13 3 49 4 21 6 9 1 31 5 48 19 12 12 4 13 16 10 36 18 18 37 21 34 45 27 17 8 25 42 16
18032 20 164 39 44 4 19 48 4 6 27 7 39 18 25 1 14 19 30 49 8 2 5 3 25 17 8 27 9 21 50 10 49 5 34 12 6 15 34 9 27 16 6
18033 20 208 2 2 13 26 23 7 6 24 5 19 1 49 34 28 41 1 36 25 29 39 4 9 46 22 31 37 9 40 24 19 10 1 3 28 26 33 25 41 49 6
18034 20 180 22 42 49 10 2 24 1 7 3 4 6 11 28 10 21 37 8 48 14 10 29 33 37 42 17 17 19 18 13 12 4 35 24 17 20 25 39 20 5 2
18035 20 162 24 5 1 2 7 25 10 40 2 27 17 3 8 38 5 16 39 46 21 39 11 2 6 23 3 10 9 22 12 23 4 20 26 10 45 33 37 23 38 34
18036 20 158 1 34 3 47 6 2 16 5 40 26 22 50 32 44 12 21 35 38 33 10 2 7 26 43 4 36 23 20 9 46 5 7 8 4 7 2 17 30 15 36
18037 20 144 11 4 2 33 14 45 13 31 1 20 5 35 6 14 3 21 8 20 10 35 37 36 7 11 16 6 42 5 9 37 22 8 4 31 25 9 18 5 35 48
18038 20 177 8 34 1 21 36 15 2 22 23 31 12 15 4 3 18 31 15 49 31 40 46 37 10 23 28 30 11 11 21 50 17 16 19 21 25 40 6 49 22 43
18039 20 180 1 24 11 13 45 48 28 7 27 33 3 47 5 44 8 15 14 45 12 15 19 19 6 41 36 30 26 24 2 15 17 15 48 4 23 5 10 6 20 30
18040 20 173 15 15 3 33 1 3 8 50 2 20 6 44 7 14 9 46 49 5 25 23 12 45 22 15 14 1 46 37 4 3 10 48 13 21 42 50 18 12 41 17
18041 20 175 1 35 5 39 12 20 36 40 17 13 32 27 37 48 2 18 44 24 6 17 7 14 8 24 3 22 24 33 4 48 27 5 11 49 28 23 33 37 14 41
18042 20 191 17 18 1 44 3 45 5 5 19 49 11 15 21 41 43 50 12 37 7 38 6 12 46 24 2 31 41 8 14 16 10 9 23 19 42 49 24 46 36 27
18043 20 152 13 49 10 32 2 17 43 34 14 28 6 6 3 7 7 7 1 42 5 41 41 29 11 37 20 37 37 32 25 25 9 6 15 14 4 37 16 12 23 16
18044 20 160 4 23 6 30 1 36 42 21 3 17 24 17 2 14 10 32 5 45 11 25 16 22 38 41 9 27 7 38 34 50 19 13 28 10 12 4 36 47 14 3
18045 20 151 6 38 10 23 11 16 7 27 2 37 17 26 5 3 21 25 32 28 4 31 1 49 46 28 3 4 16 5 8 4 37 23 15 41 20 37 14 6 27 14
18046 20 152 2 44 4 22 8 41 24 20 43 5 1 8 3 42 10 1 11 50 39 37 6 25 9 7 33 4 18 31 16 42 7 26 5 15 34 3 12 9 20 17
18047 20 193 3 31 2 20 8 3 1 27 13 18 27 11 26 48 39 28 38 12 14 19 18 26 23 48 41 17 16 48 34 12 5 18 11 12 36 23 22 22 9 44
18048 20 171 11 3 2 33 3 47 1 21 28 6 6 50 17 38 5 49 7 2 27 30 8 50 9 34 25 27 12 22 46 20 40 14 23 43 26 20 15 25 31 28
18049 20 184 39 3 2 8 12 15 8 18 16 21 48 28 40 14 1 29 17 11 22 29 25 28 4 12 9 26 7 40 3 22 34 3 35 11 23 46 10 37 13 6
