18000 15 103 12 36 19 16 7 19 44 42 2 42 5 3 1 2 4 40 6 34 3 18 32 49 36 19 14 31 13 32 9 13
18001 15 103 5 35 43 24 1 2 4 18 8 18 2 32 12 48 20 36 3 31 6 49 31 2 7 43 16 9 11 15 38 46
18002 15 135 1 29 2 39 14 46 3 1 6 30 29 21 8 14 27 12 49 47 7 27 21 31 11 49 5 48 42 1 45 50
18003 15 153 20 1 31 45 50 34 9 49 12 20 4 6 6 43 45 14 2 15 47 14 3 34 27 2 42 37 1 1 7 3
18004 15 82 1 49 2 23 15 26 9 9 22 39 11 13 12 43 6 6 25 50 13 25 18 23 8 6 3 14 4 18 16 35
18005 15 110 4 50 6 14 1 22 9 28 5 25 2 4 11 32 20 31 3 47 14 2 37 6 7 36 42 24 41 29 19 40
18006 15 94 18 33 1 2 9 24 14 3 15 15 3 20 13 18 6 16 5 8 10 21 8 43 2 36 33 34 48 45 4 37
18007 15 91 1 21 3 7 4 38 12 20 11 19 2 47 18 29 42 9 9 22 10 48 6 38 20 11 8 30 21 26 16 3
18008 15 87 1 47 5 27 17 12 13 39 9 36 2 35 4 44 20 20 8 42 3 24 18 28 7 5 14 11 43 29 10 31
18009 15 99 29 39 4 48 3 18 1 11 15 13 5 40 10 2 6 35 30 36 18 35 21 32 7 47 14 10 11 17 24 43
18010 15 153 1 27 10 41 49 24 8 23 23 19 3 15 39 49 20 8 25 9 4 25 38 40 16 2 47 43 5 14 18 47
18011 15 114 41 13 4 20 1 47 7 10 26 42 3 30 2 28 10 42 20 11 24 39 19 23 11 4 40 30 14 40 6 49
18012 15 113 1 26 2 48 14 37 5 23 12 24 33 40 6 42 24 41 13 48 9 15 28 11 21 11 15 40 3 7 40 41
18013 15 139 7 42 1 49 2 7 8 38 9 19 6 30 4 10 48 6 43 27 33 39 17 34 41 24 24 32 32 48 3 2
18014 15 111 8 30 2 17 1 16 45 13 3 21 24 45 30 22 6 33 36 27 4 25 9 9 5 4 10 47 22 16 17 1
18015 15 126 1 47 3 22 12 16 8 42 14 41 32 48 4 45 11 22 6 37 48 12 37 49 7 16 38 4 29 46 2 26
18016 15 112 3 42 6 40 5 26 37 22 1 40 2 32 15 16 11 30 35 6 16 38 4 38 17 5 7 26 19 8 46 17
18017 15 118 3 40 2 5 7 19 1 39 31 13 43 34 35 49 12 28 6 17 4 41 11 22 42 20 8 27 14 13 18 50
18018 15 128 8 21 4 18 1 11 49 37 3 42 19 17 12 4 2 34 5 22 25 50 28 47 18 21 35 7 6 18 41 25
18019 15 135 3 2 2 24 9 14 28 24 17 32 1 6 8 17 20 26 5 24 41 37 6 17 38 26 15 9 40 24 37 22
18020 15 135 3 24 1 38 46 4 35 36 6 21 2 39 24 7 21 9 45 14 17 39 5 34 13 11 23 13 9 40 20 28
18021 15 101 1 41 3 36 13 24 4 29 22 2 14 12 18 45 16 4 11 22 10 6 29 15 7 17 2 28 6 22 47 7
18022 15 96 1 10 38 23 4 17 3 50 6 38 2 31 15 46 5 20 8 40 10 2 16 15 7 26 17 27 28 7 33 28
18023 15 103 12 50 3 14 2 29 1 2 42 15 13 27 5 1 20 18 34 14 6 30 11 30 7 29 4 30 37 9 9 25
18024 15 127 3 28 1 15 23 38 37 45 13 28 4 10 6 42 27 8 2 8 8 6 15 13 14 28 43 9 22 34 36 34
18025 15 125 5 44 1 43 9 23 2 4 33 19 23 9 19 43 4 15 3 25 12 21 44 39 11 27 8 49 47 34 30 46
18026 15 104 10 26 2 29 18 35 4 22 8 24 14 1 3 11 19 50 9 23 1 6 27 40 40 40 20 5 12 37 21 12
18027 15 138 9 11 25 21 7 36 2 30 1 29 4 13 18 17 29 33 37 22 3 4 39 10 34 36 10 13 11 27 48 1
18028 15 122 20 26 9 26 2 5 18 16 1 13 40 39 3 35 5 18 49 50 7 39 14 15 35 1 4 32 27 45 10 34
18029 15 113 2 35 7 23 10 21 13 48 5 37 35 40 1 44 8 35 9 3 23 19 18 7 19 44 4 35 34 15 38 27
18030 15 147 19 6 13 10 26 45 43 19 1 39 5 24 36 23 15 20 3 50 10 35 11 9 38 43 31 10 20 3 24 43
18031 15 115 1 30 2 38 5 28 3 9 16 22 8 14 9 24 35 5 15 43 19 50 17 27 10 48 38 48 7 4 46 5
18032 15 118 3 46 10 24 1 46 6 11 11 32 15 35 2 46 7 35 40 41 33 26 21 2 4 4 27 37 14 9 43 48
18033 15 131 6 22 3 35 40 42 20 6 1 48 2 39 16 1 17 30 4 38 27 7 45 47 7 19 5 34 38 31 31 7
18034 15 108 20 36 1 36 9 1 7 31 38 37 47 38 2 13 3 49 12 4 6 10 13 16 10 36 25 10 18 33 5 44
18035 15 113 7 7 1 12 2 40 27 17 8 25 10 6 4 19 48 4 6 27 18 25 49 8 5 44 3 25 17 8 21 50
18036 15 135 5 34 1 12 15 34 9 27 8 25 2 2 13 26 23 7 6 24 39 48 34 28 45 8 36 25 4 9 31 37
18037 15 103 2 14 1 42 29 5 5 38 11 15 3 22 26 33 10 14 7 50 9 17 49 6 4 8 22 42 21 37 8 48
18038 15 118 14 10 29 33 37 42 17 17 19 18 3 31 6 30 13 12 2 15 1 49 8 9 4 35 24 6 20 25 39 20
18039 15 109 1 9 8 46 20 8 3 39 5 2 24 5 7 25 10 40 44 17 39 46 17 50 2 11 21 39 11 2 6 23
18040 15 113 9 22 7 2 12 23 14 3 4 26 10 4 1 20 24 13 6 32 2 27 38 34 3 47 40 26 22 50 35 38
18041 15 100 33 10 2 7 14 20 1 47 6 45 23 20 5 7 9 21 7 2 17 30 3 40 11 4 32 41 24 36 13 31
18042 15 87 2 23 1 39 3 21 10 38 8 9 42 3 6 1 14 30 5 49 11 39 37 36 7 11 16 6 9 37 4 31
18043 15 130 3 29 32 11 1 42 2 21 25 9 5 9 18 5 30 50 35 48 8 34 23 31 15 48 31 40 4 15 28 30
18044 15 118 21 50 2 31 1 26 25 40 6 49 22 43 11 13 45 48 28 7 27 33 3 47 5 44 8 15 19 19 14 31
18045 15 101 6 41 25 20 3 25 1 1 36 30 2 15 17 15 5 32 4 38 23 5 20 30 15 15 8 39 31 47 7 14
18046 15 134 3 50 38 43 1 45 49 5 15 9 2 46 12 45 22 15 4 3 16 29 7 12 18 12 41 17 5 39 36 40
18047 15 103 17 13 9 25 2 18 44 24 6 17 1 30 4 41 8 24 3 22 11 30 36 17 7 9 39 43 14 41 5 5
18048 15 146 19 49 27 47 1 46 5 6 3 46 11 15 21 41 43 50 2 42 48 27 41 8 14 16 10 9 23 19 24 46
18049 15 103 24 38 14 11 13 49 10 32 2 17 6 48 3 7 7 7 1 42 5 41 41 29 20 16 37 32 9 6 15 14
