18000 25 251 32 16 14 33 12 36 19 16 48 7 3 35 2 42 29 14 9 48 23 28 30 1 1 21 27 3 22 48 4 40 6 34 49 43 7 42 15 28 47 37 8 50 25 19 26 21 31 11 13 32
18001 25 243 31 23 12 21 17 5 11 5 4 12 3 36 50 19 38 15 13 34 16 42 46 43 2 42 23 6 7 2 43 24 8 18 1 35 20 25 29 23 35 23 15 27 34 39 5 39 18 32 6 6
18002 25 250 44 15 9 22 2 2 4 14 1 5 30 41 12 43 21 25 27 6 8 11 34 45 5 39 42 22 20 28 31 2 18 5 3 7 26 5 13 22 6 8 49 24 11 1 41 14 7 39 37 15
18003 25 217 5 23 1 25 3 15 8 17 10 1 13 3 2 5 7 15 9 42 15 18 39 44 35 17 38 46 4 22 17 22 11 9 20 30 31 34 37 17 14 46 24 4 30 38 29 20 6 19 26 4
18004 25 236 22 27 29 21 1 11 2 47 11 8 21 25 19 31 27 12 43 49 7 27 5 16 28 47 6 20 9 22 14 11 42 1 8 8 12 17 16 11 15 23 45 50 20 1 13 9 47 50 10 26
18005 25 257 4 6 5 50 6 43 36 36 1 41 15 47 26 24 17 15 16 32 20 5 34 29 7 15 2 31 43 41 27 32 9 9 21 13 22 39 11 13 32 25 12 43 35 18 25 50 42 31 46 46
18006 25 234 13 25 26 19 2 32 18 13 44 46 6 20 20 4 8 8 39 34 3 14 9 5 34 26 4 18 16 35 14 5 29 38 1 22 22 50 30 5 12 1 27 8 31 1 15 47 41 14 5 4
18007 25 270 43 42 1 39 7 5 20 37 2 29 11 28 10 36 32 19 5 32 41 17 13 49 19 30 37 39 14 7 3 47 18 9 33 31 47 33 26 21 35 25 46 1 30 46 15 4 4 24 28 38
18008 25 279 33 39 4 18 2 1 13 43 24 43 23 41 29 46 18 38 39 36 1 2 11 43 31 25 34 42 19 35 9 30 45 34 32 14 15 15 3 20 44 50 47 41 42 42 6 16 12 13 22 5
18009 25 247 5 1 8 20 46 9 15 14 33 18 1 48 6 45 2 33 39 48 19 40 10 21 3 10 17 32 36 19 21 27 7 47 32 6 9 4 25 12 11 39 49 13 28 36 4 12 27 50 42 12
18010 25 259 3 7 4 38 18 42 2 42 12 20 1 27 11 19 28 24 8 31 46 23 15 26 16 29 17 4 42 9 13 22 41 9 10 48 34 1 43 42 9 45 36 30 38 47 7 25 39 47 26 45
18011 25 244 36 28 5 43 41 45 46 37 13 6 48 12 10 17 32 20 1 40 21 15 28 20 8 23 22 8 6 18 12 28 17 43 4 26 3 29 11 4 37 36 43 33 14 16 9 7 15 41 7 37
18012 25 273 26 24 16 3 24 39 2 16 32 25 14 7 1 25 44 12 6 11 3 36 42 28 36 44 4 5 47 10 17 9 15 50 11 40 13 39 9 36 10 16 34 4 49 44 40 47 7 45 45 40
18013 25 250 11 11 1 30 9 19 2 46 8 21 27 16 4 11 28 24 26 23 45 26 3 42 20 7 7 5 13 21 5 28 39 42 41 48 46 16 36 39 47 7 15 39 22 16 14 11 6 14 25 13
18014 25 240 24 9 43 43 9 43 1 33 10 31 4 47 12 36 34 21 17 5 26 17 3 18 2 11 21 31 15 31 11 17 18 45 30 25 41 37 16 32 44 35 36 21 5 40 13 35 6 35 39 35
18015 25 238 37 29 30 36 17 15 44 28 18 35 21 32 6 1 7 47 13 9 1 14 5 45 39 22 8 14 14 42 10 41 49 24 11 37 22 48 23 19 3 15 48 24 20 44 2 20 4 14 25 9
18016 25 261 4 25 9 21 28 36 37 22 16 37 19 37 26 29 6 31 38 40 1 26 44 36 3 50 39 20 47 43 24 41 5 14 34 40 33 18 20 41 2 14 15 9 11 24 43 11 8 10 10 43
18017 25 264 3 42 26 25 46 32 41 13 28 16 4 20 44 48 17 25 23 32 1 2 2 38 11 40 32 7 9 9 35 21 49 22 7 8 42 22 12 48 25 14 6 37 24 41 8 6 18 30 15 20
18018 25 293 2 40 24 47 3 30 11 44 4 1 16 33 44 48 5 33 7 30 1 6 20 39 14 8 10 23 19 23 45 23 39 38 36 39 34 4 31 44 49 23 35 28 40 49 47 46 12 31 38 2
18019 25 267 4 50 24 33 11 4 48 7 17 15 13 43 43 49 35 21 1 26 34 39 14 40 5 23 30 12 21 24 3 28 33 23 20 34 6 49 49 35 8 1 18 11 25 21 2 48 40 14 31 10
18020 25 260 17 27 15 21 24 23 32 19 8 34 12 19 19 47 14 37 5 19 48 32 30 18 35 37 3 34 25 45 38 9 34 43 1 11 13 36 2 22 10 49 26 38 21 11 46 13 33 40 9 40
18021 25 293 8 1 2 40 21 11 11 47 15 31 34 30 31 6 29 30 46 6 24 41 19 33 13 29 16 15 27 26 7 37 9 15 48 44 41 11 1 45 42 29 10 24 37 10 33 20 23 33 39 13
18022 25 244 35 3 28 18 24 19 20 17 49 1 1 16 7 31 12 22 2 50 21 45 34 1 13 21 17 34 3 7 8 21 39 40 5 37 43 1 23 21 16 30 47 35 4 23 18 36 14 33 6 20
18023 25 250 46 50 43 25 2 9 23 48 30 18 7 17 11 22 18 18 9 15 32 3 31 38 8 38 1 48 5 1 6 30 16 45 49 13 14 4 19 48 28 50 4 10 36 42 24 29 27 33 12 46
18024 25 278 47 35 4 18 48 6 13 24 6 37 1 13 2 10 43 27 18 36 24 16 29 50 3 36 16 17 37 37 7 13 45 30 49 47 27 36 14 43 28 46 38 36 15 40 9 9 23 28 10 42
18025 25 247 15 38 22 33 9 12 43 49 26 45 3 3 7 20 32 30 4 43 2 39 1 31 41 24 12 30 29 45 19 21 27 34 23 2 44 12 17 5 20 43 40 47 8 30 21 14 13 48 16 37
18026 25 263 6 47 1 15 2 17 37 9 23 1 17 18 19 4 18 10 13 20 36 7 8 1 9 6 3 9 48 37 25 26 46 37 39 8 5 47 4 41 7 47 30 22 14 11 42 34 27 44 47 45
18027 25 262 5 4 1 44 7 17 6 5 42 39 33 1 10 32 8 3 14 19 3 27 26 14 17 1 24 7 22 42 2 3 36 11 31 22 25 18 49 30 12 1 47 15 11 36 44 46 32 30 18 44
18028 25 279 8 42 14 41 1 46 32 48 49 27 12 18 4 45 20 12 46 14 6 37 35 28 48 12 37 49 18 39 38 4 3 29 24 20 13 26 16 35 29 46 23 20 2 26 5 4 33 39 43 6
18029 25 251 37 22 15 1 22 2 10 21 13 48 14 31 38 30 30 27 2 46 12 12 39 46 3 9 11 12 35 6 5 4 24 11 8 17 7 23 1 16 49 37 27 4 9 40 45 43 21 8 26 28
18030 25 248 32 17 3 46 48 8 4 43 34 32 1 18 43 25 44 5 5 20 19 10 23 50 11 27 2 37 7 26 22 47 9 6 14 18 30 39 10 20 35 27 45 29 17 35 12 35 6 36 20 30
18031 25 281 42 9 38 20 1 1 17 7 4 19 14 8 46 17 5 1 8 12 30 23 28 39 3 40 2 48 24 43 7 19 31 13 27 9 29 3 36 31 43 34 25 21 35 49 33 14 12 28 23 29
18032 25 235 33 21 6 21 4 49 12 6 17 50 22 8 9 46 40 22 13 30 7 10 15 20 5 44 3 13 10 46 31 41 30 46 42 19 1 50 32 24 39 45 8 27 26 16 14 13 2 34 49 12
18033 25 317 24 29 39 41 37 46 7 10 2 22 18 18 10 48 13 47 49 30 9 44 36 47 12 45 1 37 35 38 4 43 45 3 43 21 19 17 46 33 27 6 28 35 40 41 44 9 41 46 6 27
18034 25 273 19 20 2 10 1 47 7 19 40 35 4 46 46 10 14 45 47 8 9 33 30 27 27 38 49 27 41 5 48 49 25 50 3 3 5 18 18 47 11 32 8 48 12 39 28 47 43 21 10 41
18035 25 248 37 42 17 31 23 42 3 20 34 6 19 23 35 7 6 18 27 35 2 22 7 5 25 27 49 3 22 10 42 39 4 13 1 4 5 39 11 6 8 16 26 30 28 24 43 48 9 5 14 9
18036 25 281 25 28 43 36 3 26 1 47 7 44 4 34 44 37 17 2 42 4 37 42 29 21 8 17 20 26 5 24 12 10 48 10 6 46 40 15 16 4 49 21 33 43 14 44 38 43 2 21 19 39
18037 25 252 29 1 6 14 19 47 5 40 11 41 8 17 7 17 30 15 21 28 40 24 25 6 36 46 4 16 17 1 20 35 37 22 3 24 39 20 1 4 15 18 35 36 2 39 24 45 43 27 28 43
18038 25 299 42 27 20 47 17 39 3 16 6 27 27 26 5 34 13 11 45 34 1 46 43 38 44 8 25 32 18 18 23 13 9 49 47 49 19 11 15 7 38 29 31 21 40 17 8 42 37 31 22 8
18039 25 298 29 36 36 25 23 25 17 15 41 13 19 30 26 13 32 32 2 45 18 45 9 28 1 2 48 34 4 22 11 22 7 29 21 30 45 36 44 3 25 12 43 19 47 23 14 48 8 19 27 37
18040 25 267 6 11 10 6 5 34 7 41 35 22 3 39 12 9 1 25 36 33 2 28 31 44 14 9 22 12 34 29 49 3 9 45 47 37 39 4 25 20 18 21 40 21 19 4 4 29 37 24 29 42
18041 25 247 11 47 1 10 12 46 38 23 35 13 30 18 4 15 20 8 49 23 3 38 21 29 6 38 2 8 32 34 8 6 15 46 47 4 28 23 19 9 22 40 9 43 5 10 27 7 17 12 34 18
18042 25 256 30 45 8 40 15 5 10 40 20 13 1 22 2 17 11 21 18 15 48 23 16 15 5 10 23 14 14 42 37 28 27 30 33 39 3 38 22 27 17 43 36 21 28 37 46 5 13 13 29 6
18043 25 268 5 2 11 33 26 25 15 50 39 47 2 28 8 34 10 42 18 33 31 28 1 18 35 13 22 16 14 18 3 45 43 7 40 46 7 41 38 48 42 26 28 8 12 50 34 25 46 45 6 34
18044 25 258 6 25 43 37 2 41 15 24 3 17 13 27 7 12 35 20 1 20 22 2 26 38 4 13 25 1 41 8 18 38 5 12 20 18 34 14 11 30 42 13 8 9 48 16 14 20 37 9 36 1
18045 25 278 9 25 38 33 19 40 28 14 15 48 44 36 3 44 23 38 14 33 29 13 43 46 31 33 37 45 1 2 48 13 13 28 41 20 25 35 5 50 20 32 30 41 6 42 16 28 7 42 11 11
18046 25 287 11 18 27 23 14 3 44 5 13 1 9 41 10 21 36 31 45 2 41 24 8 3 24 35 17 33 39 50 25 29 47 49 40 48 15 46 16 29 7 19 23 4 31 5 1 7 30 26 2 32
18047 25 228 24 45 25 1 48 49 44 13 35 27 20 37 19 37 26 29 21 41 6 19 5 21 1 50 2 33 8 6 12 41 7 35 11 34 15 13 37 45 3 21 39 26 13 32 18 25 4 12 14 28
18048 25 270 10 16 1 8 16 6 45 28 35 19 43 9 19 7 3 35 18 3 11 42 31 1 27 32 20 24 4 17 9 20 36 16 23 26 22 44 39 32 15 44 44 42 32 27 14 3 6 48 17 40
18049 25 267 36 34 9 5 12 8 1 43 21 43 35 35 17 6 2 35 3 16 23 27 33 19 5 29 6 30 24 21 14 40 25 38 30 29 38 40 19 2 8 42 4 15 43 31 46 44 32 23 48 34
