18000 25 274 32 16 14 33 12 36 19 16 8 38 3 35 47 45 21 35 2 42 29 14 9 48 30 1 1 21 27 3 24 8 42 19 46 24 4 40 22 32 5 41 49 43 36 2 45 41 7 42 15 28
18001 25 281 22 22 3 18 47 37 1 3 30 9 32 49 25 19 26 21 6 8 31 11 13 32 12 21 14 4 11 5 4 12 39 20 23 23 18 33 29 28 27 9 38 15 40 36 16 42 46 43 10 11
18002 25 256 5 1 23 6 39 25 34 7 15 42 43 24 4 16 29 23 3 27 7 1 12 13 6 8 2 32 1 5 20 25 37 10 17 19 13 38 35 23 14 17 16 21 45 28 31 27 44 38 18 32
18003 25 247 6 6 44 15 9 22 14 25 42 29 2 2 4 14 1 5 30 41 12 43 21 25 27 6 8 3 34 45 5 39 19 40 20 28 31 2 18 5 3 7 26 5 13 22 16 9 49 24 40 31
18004 25 247 30 27 8 28 43 27 11 1 1 18 5 3 7 39 37 15 3 15 24 33 2 5 15 18 39 44 16 27 35 17 13 17 38 46 4 22 17 22 20 30 23 22 31 34 14 46 9 39 50 43
18005 25 264 4 5 7 46 16 29 20 44 14 34 2 21 8 1 11 21 41 13 3 46 48 28 21 7 35 31 26 4 6 30 40 10 39 35 29 21 27 23 30 8 25 27 1 3 43 49 5 16 28 47
18006 25 233 1 22 37 48 24 23 40 5 2 32 21 31 11 49 41 2 5 48 14 11 42 1 8 8 19 39 16 11 15 23 38 4 27 20 17 13 9 49 12 20 10 26 4 6 6 37 3 50 45 14
18007 25 246 6 29 4 11 2 15 44 28 15 47 5 44 26 24 17 15 18 31 24 39 16 32 20 5 34 29 10 42 7 15 3 23 1 1 43 41 13 34 48 5 9 9 45 29 49 19 22 39 11 13
18008 25 255 32 25 16 11 12 43 35 18 6 6 11 21 43 46 34 25 25 50 42 31 31 20 5 20 2 26 18 13 44 46 26 32 9 39 3 14 1 26 8 39 13 9 49 19 4 18 27 31 14 5
18009 25 252 6 14 1 22 22 50 30 5 9 27 27 8 31 1 13 13 36 40 24 27 3 21 39 2 4 50 16 4 41 14 5 4 43 42 7 5 20 37 29 6 2 29 33 21 42 21 10 36 11 32
18010 25 254 26 12 32 19 44 50 5 32 41 17 13 49 12 39 47 2 14 7 7 23 11 45 2 8 4 28 3 13 1 8 29 26 6 44 23 36 21 49 20 34 19 33 18 50 35 25 46 1 30 46
18011 25 272 35 15 3 18 2 30 1 15 19 36 10 34 48 22 15 33 11 38 43 29 39 6 4 24 47 32 33 23 28 38 24 28 13 32 14 22 23 41 32 50 29 46 17 16 18 38 31 21 6 20
18012 25 284 26 11 24 31 4 49 34 42 37 9 19 35 1 24 9 30 45 34 32 14 15 15 36 32 3 20 44 50 18 10 41 48 42 42 6 16 22 5 5 1 10 47 8 20 46 9 25 4 17 17
18013 25 245 1 48 6 45 25 45 2 36 39 48 19 40 10 21 3 10 17 32 36 19 4 16 32 6 9 4 21 44 24 32 34 43 11 39 49 13 28 36 15 5 8 35 16 19 43 45 12 29 27 50
18014 25 281 42 12 21 11 1 20 3 7 4 38 47 48 27 27 32 34 18 42 2 42 12 20 11 19 14 12 46 23 15 26 9 27 13 22 41 9 10 48 34 1 49 40 8 4 43 42 28 31 33 32
18015 25 282 31 18 38 47 13 47 1 17 7 25 39 47 34 1 24 5 48 48 26 45 36 28 5 43 41 45 6 38 42 10 22 6 21 15 28 20 33 11 20 36 8 23 18 6 17 43 4 26 3 29
18016 25 274 41 16 4 43 30 30 10 8 14 16 1 10 46 10 25 27 5 1 22 4 43 45 15 41 7 37 26 24 16 3 24 39 2 16 20 38 32 25 42 9 44 7 6 11 35 30 3 36 36 44
18017 25 271 47 10 2 47 41 30 1 31 6 9 15 50 9 41 25 31 14 33 42 32 17 12 13 39 35 28 11 36 3 31 10 16 36 4 49 44 4 6 40 47 7 45 20 50 34 17 45 40 16 45
18018 25 282 11 23 1 30 9 19 2 46 8 21 27 16 4 11 37 28 26 23 45 26 17 10 44 35 3 42 16 16 7 5 13 21 5 28 39 42 41 48 20 20 46 16 23 43 38 16 36 39 47 7
18019 25 276 2 18 47 17 36 17 21 22 5 11 44 13 15 30 49 30 8 12 14 11 17 20 16 49 18 9 22 43 25 13 24 9 43 43 9 43 10 31 4 47 12 36 34 21 48 46 26 17 3 18
18020 25 233 9 34 2 11 3 40 48 45 15 31 11 17 18 18 30 25 38 12 16 32 37 36 25 7 1 19 5 40 4 45 10 2 13 35 12 6 39 35 17 15 44 28 35 3 21 32 6 1 7 47
18021 25 256 13 9 1 14 7 24 18 17 37 46 5 45 19 32 28 28 39 22 8 14 14 42 10 41 49 24 29 38 20 11 22 48 23 19 6 3 48 24 25 2 33 46 16 13 4 14 3 23 35 47
18022 25 270 2 14 20 34 13 29 10 31 28 1 25 9 4 25 9 21 34 49 19 37 26 29 16 9 6 31 17 31 38 40 1 26 44 36 41 20 3 50 24 1 39 20 47 43 37 29 23 16 14 43
18023 25 281 1 17 28 7 22 2 47 14 20 41 2 10 27 2 15 9 11 24 43 11 4 46 8 10 24 3 16 21 46 26 5 40 41 13 39 18 6 16 23 4 18 37 21 36 34 26 44 48 17 25
18024 25 263 17 23 12 45 1 2 42 26 28 32 2 38 11 40 32 7 23 34 9 9 35 21 26 42 3 30 4 43 7 49 25 14 6 37 24 41 37 41 8 6 33 42 49 18 46 28 15 20 31 2
18025 25 280 5 45 24 47 3 30 11 44 4 1 16 33 25 7 10 42 44 48 20 23 7 30 1 6 14 8 41 28 2 2 19 23 45 23 39 38 36 39 34 4 13 41 49 23 35 28 31 47 33 30
18026 25 271 49 47 19 1 12 31 36 50 4 50 11 4 48 7 17 15 13 43 10 9 43 49 14 23 35 21 1 26 34 39 46 3 6 43 5 23 30 12 21 24 3 28 33 23 24 47 20 34 8 1
18027 25 257 18 11 11 21 5 5 8 29 40 14 23 12 31 10 10 34 3 49 17 27 15 21 24 23 32 19 12 19 19 47 16 14 2 16 25 23 6 39 28 8 9 4 46 16 49 16 30 18 35 37
18028 25 244 5 23 34 34 38 9 12 24 40 13 4 50 2 22 27 5 10 49 26 38 9 40 8 10 13 45 6 11 33 40 18 41 1 8 47 13 21 11 11 47 24 7 31 6 3 43 46 6 19 33
18029 25 260 13 29 16 15 26 34 18 7 2 4 46 16 7 28 48 44 9 49 10 24 37 10 31 47 19 11 43 9 15 40 21 11 23 33 1 32 35 3 28 18 24 19 20 17 11 13 6 32 12 22
18030 25 271 27 2 21 45 34 1 9 11 13 21 1 30 22 13 31 50 17 34 2 12 3 7 8 21 24 15 39 40 40 5 35 31 43 1 23 21 47 35 36 34 4 23 18 36 14 33 6 20 25 43
18031 25 219 2 9 22 23 49 30 7 42 45 31 32 23 10 8 25 11 1 49 3 26 15 40 31 38 8 38 18 45 6 32 14 12 9 19 13 17 21 37 5 9 19 48 28 50 4 10 36 42 16 23
18032 25 303 24 29 36 11 27 33 12 46 47 35 15 38 26 34 39 4 48 6 13 24 11 32 6 37 1 31 43 27 18 36 28 34 3 36 16 17 21 13 37 37 44 22 9 38 41 32 35 37 7 13
18033 25 249 2 44 45 30 39 38 16 5 8 38 37 4 1 34 4 31 14 43 21 21 38 36 15 40 13 48 9 9 23 28 10 42 22 33 43 49 26 45 3 3 7 20 32 30 17 34 41 24 12 30
18034 25 289 1 39 32 46 29 45 19 21 27 34 23 2 22 8 5 7 44 12 17 5 20 43 2 28 12 18 43 17 40 47 42 26 48 43 3 2 8 30 45 21 13 48 16 37 31 2 25 15 11 43
18035 25 280 13 47 19 39 2 23 6 47 1 15 46 21 37 9 23 1 17 18 18 10 27 12 8 23 36 7 9 6 48 37 25 26 15 41 39 8 5 47 4 41 7 47 30 22 44 14 47 3 34 42
18036 25 249 5 36 42 34 31 16 36 32 25 12 16 1 4 25 1 40 30 14 13 25 27 44 9 9 47 45 2 44 33 1 10 32 7 38 3 27 6 4 22 16 26 14 17 1 24 7 14 25 49 30
18037 25 275 2 7 12 1 20 6 11 36 17 11 9 18 38 44 32 30 3 44 47 30 35 25 8 42 14 18 1 46 49 27 4 45 16 46 31 43 46 14 6 37 13 16 48 12 37 49 18 39 33 7
18038 25 282 37 4 35 30 2 21 1 6 25 21 15 32 4 39 13 26 12 43 44 13 16 35 49 4 29 46 45 28 23 20 3 42 5 4 6 40 9 48 33 39 43 6 22 2 10 21 46 44 38 30
18039 25 245 21 21 2 5 30 27 41 9 3 9 11 12 35 6 5 4 24 11 6 5 8 17 7 35 1 16 38 1 15 45 4 25 13 19 9 40 20 5 45 43 28 9 26 28 32 17 29 39 37 12
18040 25 219 15 29 10 34 5 34 1 6 37 17 3 47 22 6 28 27 4 40 43 25 19 10 27 44 23 50 11 27 2 36 14 19 7 26 35 17 8 44 9 6 30 39 16 10 17 35 20 2 33 37
18041 25 268 41 33 4 34 20 30 42 9 24 45 14 22 5 50 17 7 15 9 1 34 46 17 9 21 8 12 30 23 28 39 31 3 25 12 35 32 13 49 2 48 7 19 27 9 29 3 21 7 43 25
18042 25 261 36 31 7 9 25 21 27 14 35 49 12 28 38 34 23 29 4 50 5 13 10 10 33 21 6 21 17 50 44 20 47 48 9 46 40 22 13 30 2 38 15 20 3 13 11 22 31 41 30 46
18043 25 301 42 19 1 50 32 24 10 21 39 45 8 27 14 13 49 12 24 29 37 46 7 10 2 22 18 18 11 8 13 47 30 4 9 44 36 47 12 45 35 38 34 4 31 48 43 21 19 17 46 33
18044 25 262 35 36 27 6 10 28 12 4 3 8 1 47 40 41 2 45 44 9 9 34 22 17 28 13 6 27 19 20 11 16 18 49 7 19 14 45 47 8 30 27 49 27 13 32 48 49 25 50 5 18
18045 25 288 8 24 17 47 11 32 32 5 46 7 1 25 2 43 24 1 31 15 28 47 14 40 21 13 47 31 41 3 36 17 23 42 9 18 3 20 34 6 19 23 15 8 48 22 27 35 33 23 7 5
18046 25 260 25 27 5 38 41 25 49 3 6 46 2 26 3 50 22 10 42 39 4 13 1 4 11 6 8 16 17 9 31 46 19 32 28 24 43 48 16 24 9 5 14 9 39 28 7 44 34 41 44 37
18047 25 319 25 44 17 2 42 4 37 42 49 38 10 50 21 47 7 38 1 5 36 23 29 21 8 17 39 42 20 26 5 24 46 29 9 44 12 10 41 37 48 10 6 46 43 2 33 50 40 12 15 36
18048 25 244 23 34 21 43 9 22 4 22 3 17 6 20 33 43 1 5 44 26 20 38 40 12 38 26 43 42 2 21 19 39 29 1 14 7 5 40 11 41 8 17 7 17 30 15 25 6 36 46 17 1
18049 25 299 20 35 27 16 1 40 33 12 37 22 3 24 39 20 46 4 4 9 36 23 18 33 6 21 2 39 24 45 43 27 28 43 42 27 11 13 21 9 47 44 17 39 30 23 5 34 13 11 45 34
