18000 15 197 32 16 31 43 3 26 29 1 15 29 19 16 25 26 44 42 47 45 21 35 2 42 50 41 5 3 48 30 23 28
18001 15 142 30 1 25 37 9 33 1 21 27 3 2 26 24 8 22 48 46 24 3 48 4 40 10 19 29 46 32 28 21 6
18002 15 162 49 43 36 2 3 1 27 17 32 31 28 21 22 22 15 32 30 7 18 29 2 6 47 37 1 3 8 50 7 5
18003 15 157 25 19 3 3 4 36 26 21 41 46 47 5 34 10 6 8 31 11 13 32 12 21 14 4 17 5 11 5 30 39
18004 15 171 12 11 31 49 39 20 29 4 3 36 14 39 27 9 13 31 38 15 22 26 40 36 16 42 46 43 10 11 2 42
18005 15 140 5 1 36 23 9 13 8 9 49 13 7 2 43 24 39 49 32 3 4 18 12 13 6 8 14 7 15 14 2 32
18006 15 142 5 38 12 48 20 25 1 25 29 23 25 4 3 13 13 38 35 23 26 16 47 33 7 33 31 39 14 17 16 21
18007 15 125 22 3 16 39 15 27 3 31 28 3 6 49 10 32 2 33 24 21 44 15 9 22 14 25 42 29 4 14 12 25
18008 15 130 6 19 21 49 12 43 25 41 2 31 48 28 17 35 28 32 1 20 27 6 8 3 24 45 16 14 19 40 7 31
18009 15 140 20 28 31 2 2 48 18 5 3 7 28 41 8 50 7 43 25 8 38 49 4 29 6 8 5 37 40 31 45 38
18010 15 148 8 28 43 27 11 1 1 18 10 41 46 32 38 11 5 23 3 15 18 10 32 37 24 33 2 5 16 7 39 44
18011 15 131 1 46 29 49 3 10 16 27 37 25 11 26 13 17 38 46 4 22 17 22 5 49 30 15 10 32 31 44 18 39
18012 15 127 11 9 34 20 43 6 23 22 4 47 22 36 2 31 21 7 3 28 13 45 14 46 12 37 9 39 24 4 20 46
18013 15 135 30 38 16 29 10 20 2 21 6 19 14 34 40 44 12 42 31 30 4 38 1 25 13 23 46 26 42 16 3 48
18014 15 177 35 31 24 25 26 4 22 27 39 35 29 21 27 23 30 8 8 9 7 24 33 24 45 19 4 29 25 27 1 3
18015 15 168 14 11 43 49 25 18 1 18 34 27 27 25 7 17 5 16 28 47 37 48 24 23 26 1 20 9 6 20 40 5
18016 15 157 26 2 21 31 11 49 9 22 30 32 14 11 42 1 8 8 19 39 16 11 12 7 45 50 20 19 15 6 27 20
18017 15 121 1 14 17 13 8 47 9 49 27 12 4 6 5 50 13 42 6 37 36 36 31 18 12 40 34 15 38 28 2 16
18018 15 181 6 29 31 39 36 2 1 41 38 18 28 44 15 47 5 44 26 24 17 15 18 31 24 39 33 2 48 46 37 20
18019 15 135 3 34 16 40 7 15 2 31 23 36 8 16 33 1 24 37 34 33 20 7 47 20 1 49 32 2 15 26 5 4
18020 15 175 36 33 2 42 13 34 48 5 45 9 30 50 21 13 1 22 11 13 32 25 16 11 12 43 35 18 6 6 43 46
18021 15 172 6 8 34 25 25 50 35 39 46 46 31 20 16 45 13 27 5 20 2 26 32 49 48 5 7 19 1 18 44 46
18022 15 121 6 20 18 23 37 8 9 39 4 47 3 14 1 26 8 39 13 9 49 19 34 26 2 27 16 35 14 5 29 38
18023 15 165 6 14 1 22 22 50 30 5 9 27 27 8 36 3 31 1 44 23 23 27 24 27 3 21 39 2 4 50 32 33
18024 15 154 13 9 44 11 22 15 1 36 41 14 5 4 43 42 31 36 6 25 7 5 20 37 29 6 2 29 33 21 11 28
18025 15 186 10 36 11 32 39 4 12 25 33 24 41 20 32 19 44 50 5 32 45 36 13 49 19 30 47 2 14 7 7 23
18026 15 132 11 45 4 28 5 18 29 10 1 8 14 2 31 31 2 32 41 37 23 36 3 10 47 33 20 34 7 36 26 21
18027 15 157 6 23 18 50 10 33 12 47 42 24 7 40 22 14 47 13 19 33 3 18 2 30 15 4 34 47 48 22 30 11
18028 15 187 43 29 39 6 4 24 33 23 6 37 2 26 49 42 24 28 18 13 13 43 23 41 32 50 29 46 42 14 17 16
18029 15 139 5 3 39 36 18 33 1 2 11 21 20 7 24 31 2 4 34 42 40 41 10 17 19 35 9 24 14 45 32 31
18030 15 186 1 45 32 14 3 46 33 46 36 32 18 45 44 50 41 48 45 45 42 42 9 1 28 26 6 16 12 13 22 5
18031 15 165 5 1 32 45 10 47 8 20 46 9 15 14 11 11 25 4 17 17 33 18 49 32 1 48 45 6 28 45 6 45
18032 15 145 25 45 2 36 39 48 28 18 10 21 3 10 18 3 17 32 36 19 1 21 27 7 23 5 32 6 9 4 21 44
18033 15 170 25 12 1 11 9 10 34 43 31 11 5 22 47 8 14 49 26 22 28 36 15 5 8 35 33 34 16 19 48 45
18034 15 173 38 23 34 49 43 45 19 50 2 19 12 29 47 14 10 27 42 12 40 25 21 11 1 20 31 49 3 7 4 38
18035 15 185 3 37 47 48 27 27 32 34 18 42 17 2 12 20 35 25 1 27 11 19 44 37 15 43 14 12 46 23 49 2
18036 15 133 14 41 29 3 17 4 18 35 3 40 2 34 39 48 11 46 42 9 13 22 41 2 6 49 10 48 9 34 12 11
18037 15 188 3 1 7 6 45 24 11 41 43 42 41 9 44 45 26 49 18 32 33 32 31 18 38 47 13 47 22 22 1 17
18038 15 193 7 25 39 47 34 1 24 5 48 48 26 45 36 28 5 43 41 45 13 6 22 10 12 10 6 38 42 10 32 20
18039 15 124 1 40 28 12 5 12 20 36 36 10 8 23 22 8 6 18 14 33 12 28 17 43 4 26 3 29 41 16 32 30
18040 15 166 43 40 37 36 14 16 1 10 46 10 25 27 5 1 22 4 18 26 4 28 29 37 15 41 7 37 41 19 26 24
18041 15 123 16 3 24 39 2 16 20 38 3 6 34 34 28 9 10 34 25 47 9 30 7 41 14 7 11 20 4 8 40 44
18042 15 168 1 25 24 22 44 12 6 11 31 17 5 27 3 36 49 42 15 50 32 16 36 44 47 10 2 47 35 17 7 36
18043 15 122 1 31 6 9 15 50 14 25 44 25 2 34 11 40 23 46 42 32 17 12 13 39 35 28 9 36 3 31 10 16
18044 15 126 34 4 36 4 49 44 6 34 14 28 1 9 17 33 10 18 3 6 4 6 40 47 7 45 9 7 20 50 2 29
18045 15 151 14 29 17 36 4 44 25 46 22 15 40 45 26 22 1 9 38 25 16 45 11 23 10 9 20 20 24 8 35 6
18046 15 134 1 50 2 25 26 30 4 11 21 7 37 28 12 26 8 42 44 45 9 23 3 19 18 44 25 3 42 19 16 16
18047 15 144 13 48 2 22 7 5 9 13 14 1 42 9 5 8 3 23 41 48 33 8 27 40 29 11 17 23 38 16 8 36
18048 15 126 47 7 2 18 15 39 10 36 21 22 5 11 6 30 44 13 20 2 8 12 14 11 17 20 16 49 18 9 9 18
18049 15 164 22 43 1 45 25 2 33 43 24 9 43 43 9 43 28 10 31 18 4 47 12 36 34 21 16 17 26 43 21 44
