18000 20 199 32 16 14 33 12 36 19 16 48 7 3 35 2 42 29 14 9 48 23 28 30 1 1 21 27 3 22 48 4 40 6 34 49 43 7 42 15 28 47 37
18001 20 203 1 3 30 9 32 49 25 19 3 3 36 19 6 8 31 11 13 32 12 21 17 5 11 5 4 12 50 19 26 6 38 15 46 43 2 42 15 2 9 13
18002 20 164 5 35 43 24 1 2 4 18 12 13 6 8 2 32 20 25 29 23 3 13 13 38 35 23 16 21 15 27 10 32 18 32 44 15 9 22 14 15 30 41
18003 20 174 21 49 12 43 1 28 45 9 8 11 34 45 2 38 5 39 7 31 20 28 31 2 18 5 3 7 10 30 26 5 4 13 6 8 43 27 11 1 41 14
18004 20 181 7 39 37 15 5 23 1 25 3 15 8 17 10 1 24 33 2 5 15 18 39 44 11 26 35 17 13 17 38 46 4 22 17 22 20 30 43 18 31 34
18005 20 177 2 31 3 48 5 3 9 39 24 4 30 38 20 44 8 1 13 23 35 31 26 4 22 27 6 30 29 21 11 8 21 25 19 31 27 12 43 49 1 18
18006 20 166 7 27 28 47 1 22 6 20 21 31 11 49 14 11 42 1 8 8 16 11 15 23 45 50 27 20 13 9 47 50 9 49 10 26 4 6 5 50 3 50
18007 20 183 31 18 6 29 2 15 44 28 15 47 5 44 26 24 17 15 16 32 20 5 34 29 27 2 10 42 7 15 3 23 1 1 12 18 43 41 38 27 9 9
18008 20 185 21 13 1 22 11 13 32 25 16 11 12 43 35 18 6 6 34 25 25 50 42 31 5 20 26 19 2 32 18 13 44 46 20 4 9 39 3 14 8 39
18009 20 202 13 9 34 26 9 35 16 35 14 5 29 38 1 22 30 5 12 1 27 8 31 1 24 27 3 21 39 2 4 50 6 32 21 28 41 14 43 42 7 5
18010 20 219 2 4 29 36 18 34 7 43 33 21 11 28 20 31 32 19 5 32 41 17 13 49 19 30 37 39 14 7 1 19 3 47 47 33 26 21 35 25 46 1
18011 20 208 30 46 35 15 2 30 1 15 19 36 10 34 15 33 3 24 12 13 47 32 28 38 33 39 4 18 24 28 13 32 23 41 29 46 18 38 39 36 31 21
18012 20 204 11 43 31 25 4 49 34 42 19 35 1 24 9 30 45 34 32 14 15 15 3 20 44 50 18 10 47 41 42 42 6 16 12 13 22 5 5 1 8 20
18013 20 184 8 42 15 14 5 8 33 18 1 48 6 45 2 33 39 48 19 40 10 21 3 10 17 32 36 19 21 27 32 6 9 4 25 12 11 39 49 13 28 36
18014 20 204 8 35 33 34 9 48 4 12 36 22 2 19 3 10 27 50 42 12 37 9 32 34 18 42 12 20 1 27 20 42 11 19 28 24 25 17 46 23 15 26
18015 20 202 18 29 42 9 13 22 2 27 9 22 34 1 12 11 1 47 45 24 11 41 43 42 3 2 36 30 38 47 4 31 7 25 39 47 26 45 16 18 5 43
18016 20 204 41 45 46 37 13 6 5 6 48 12 10 17 32 20 1 40 21 15 28 20 8 23 22 8 6 18 12 28 17 43 4 26 3 29 11 4 37 36 43 33
18017 20 211 14 16 1 10 46 10 2 50 4 9 43 45 15 41 7 37 16 3 24 39 32 25 44 12 6 11 3 36 42 28 36 44 47 10 17 9 11 40 13 39
18018 20 184 9 36 3 31 10 16 34 4 36 4 49 44 6 34 28 3 17 33 4 6 40 47 7 45 2 29 22 15 1 9 11 11 20 20 35 6 8 21 27 16
18019 20 238 28 24 8 42 1 49 26 23 45 26 3 42 20 7 7 5 9 13 5 8 39 42 41 48 27 40 46 16 36 39 47 7 2 41 15 39 22 16 49 30
18020 20 163 2 36 8 12 14 11 17 20 6 14 9 40 25 13 24 9 43 43 1 33 10 31 4 47 12 36 34 21 26 17 3 18 21 31 15 31 11 17 41 37
18021 20 161 10 17 37 36 1 27 9 11 4 45 21 24 3 2 12 6 39 35 30 36 17 15 44 28 18 35 7 47 13 9 5 45 2 43 28 28 8 14 14 42
18022 20 198 9 25 27 34 11 31 49 24 13 35 39 11 37 34 22 48 8 23 23 19 6 3 48 24 20 44 2 20 1 43 33 46 4 14 3 23 17 28 25 9
18023 20 217 4 25 9 21 28 36 37 22 16 37 19 37 26 29 6 31 38 40 1 26 44 36 3 50 39 20 47 43 24 41 5 14 34 40 33 18 20 41 2 14
18024 20 242 15 9 11 24 43 11 4 46 8 10 3 42 26 25 46 32 41 13 6 16 28 16 18 37 44 48 17 25 23 32 1 2 32 7 34 2 35 21 49 22
18025 20 143 7 8 40 16 12 48 25 14 6 37 24 41 1 48 2 28 8 49 18 30 46 28 15 20 3 30 11 44 4 1 16 33 10 42 5 33 20 39 14 8
18026 20 254 1 33 24 39 19 23 45 23 39 38 36 39 4 23 34 4 11 13 31 44 49 23 35 28 3 39 2 46 40 49 47 46 12 31 48 7 5 25 23 14
18027 20 196 48 39 43 49 14 23 35 21 6 43 4 6 5 23 17 23 30 12 21 24 3 28 33 23 24 47 20 34 49 35 1 26 18 11 11 21 8 29 2 48
18028 20 197 1 40 40 38 34 36 2 48 11 10 24 23 19 47 14 37 5 19 8 35 48 32 30 18 35 37 3 34 38 9 12 24 13 36 10 49 26 38 21 11
18029 20 203 2 40 8 10 13 45 19 39 33 40 18 41 1 8 21 11 11 47 15 31 34 30 31 6 46 6 24 41 16 15 7 37 9 15 48 44 41 11 10 24
18030 20 193 37 10 31 47 9 33 15 40 11 23 19 47 21 43 22 36 20 17 6 32 1 16 12 22 2 50 43 34 5 35 17 34 24 15 35 31 34 8 23 21
18031 20 198 16 30 47 35 1 8 39 18 5 30 14 33 46 50 43 25 2 9 3 49 7 42 45 31 11 22 9 15 32 3 31 38 8 38 18 45 6 32 13 17
18032 20 190 5 9 2 10 14 4 1 31 19 48 28 50 7 49 4 10 36 42 16 23 24 29 27 33 6 27 38 29 48 6 13 24 43 27 18 36 29 50 3 36
18033 20 228 16 17 37 37 41 32 27 50 7 13 2 44 13 29 39 38 8 38 49 47 28 46 38 36 9 9 23 28 6 46 22 33 43 49 26 45 3 3 19 8
18034 20 206 4 43 1 31 41 24 12 30 32 46 29 45 19 21 27 34 23 2 22 8 5 7 44 12 17 5 20 43 2 28 43 17 40 47 3 2 8 30 21 14
18035 20 183 6 40 25 15 1 15 2 17 37 9 23 1 17 18 19 4 18 10 13 20 36 7 8 1 9 6 3 9 48 37 46 37 39 8 5 47 4 41 7 47
18036 20 194 30 22 18 22 23 28 6 33 14 11 36 27 3 23 2 41 42 34 25 12 1 18 4 25 13 25 27 44 9 9 5 41 43 47 7 23 48 39 33 1
18037 20 192 10 32 7 38 1 5 3 27 5 20 17 1 8 40 24 7 14 9 11 2 2 3 36 11 31 22 26 11 49 30 12 1 6 14 44 46 32 30 47 23
18038 20 227 4 45 20 12 11 22 7 47 46 14 6 37 48 12 37 49 18 39 33 7 1 6 25 21 32 24 39 4 13 26 49 4 29 46 23 20 12 49 2 26
18039 20 221 3 42 6 40 48 29 33 39 5 26 49 31 4 20 23 18 43 6 37 22 15 1 22 2 10 21 9 22 14 31 38 30 30 27 2 46 12 12 39 46
18040 20 196 3 9 35 6 5 4 24 11 6 5 8 17 7 35 29 26 1 16 38 1 2 21 4 25 13 19 9 40 45 43 21 8 26 28 32 17 37 12 48 8
18041 20 181 34 32 1 6 37 17 3 47 22 6 28 27 4 40 43 25 44 5 5 20 19 10 23 50 11 27 2 36 7 26 9 6 14 18 30 39 10 20 17 35
18042 20 203 9 47 12 35 30 5 2 21 5 33 17 32 48 6 42 9 38 20 1 1 4 19 46 17 8 12 28 39 3 40 25 12 24 43 7 19 31 13 27 9
18043 20 195 29 3 14 21 1 27 7 9 25 21 27 14 35 49 12 28 38 34 23 29 5 13 6 49 41 17 4 49 17 50 22 8 47 48 9 46 13 30 15 20
18044 20 209 5 44 10 46 31 41 42 19 1 50 32 24 39 45 8 27 14 13 49 12 24 29 37 46 7 10 2 22 18 18 13 47 30 4 9 44 36 47 12 45
18045 20 259 1 37 35 38 4 43 45 3 43 21 19 17 10 1 46 33 18 49 27 6 12 4 40 41 2 45 36 50 44 9 41 46 28 13 6 27 14 45 47 8
18046 20 214 1 42 8 27 22 30 49 27 41 5 44 32 25 50 3 3 5 18 18 47 11 32 2 43 12 39 28 47 14 40 21 13 47 31 37 42 17 31 23 42
18047 20 188 3 20 34 6 19 23 35 7 6 18 27 35 2 22 7 5 25 27 49 3 22 10 42 39 4 13 1 4 5 39 11 6 8 16 17 9 31 46 28 24
18048 20 208 2 43 17 32 1 6 24 12 25 28 43 36 3 26 39 28 7 44 4 34 44 37 42 4 37 42 29 21 8 17 20 26 5 24 12 10 48 10 6 46
18049 20 192 43 2 8 24 1 10 12 5 40 15 3 16 16 4 6 20 33 43 38 43 2 21 19 39 29 1 5 40 11 41 7 17 30 15 21 28 25 6 36 46
