16000 20 1619 228 13 22 22 193 23 314 27 304 39 97 18 68 16 276 30 221 28 171 41 107 39 182 10 51 35 11 6 150 9 103 27 73 24 149 18 264 44 254 3
16001 20 1843 290 22 72 7 299 1 78 28 224 18 135 14 201 44 15 37 304 20 237 14 274 13 339 50 61 6 348 27 51 1 131 40 202 49 222 4 76 50 127 45
16002 20 1746 34 41 98 29 257 34 234 28 70 50 2 35 138 1 347 45 350 23 45 50 253 36 174 6 184 47 160 11 96 36 308 31 178 5 211 34 40 45 314 12
16003 20 1458 46 15 183 17 42 29 316 17 23 17 219 10 342 27 194 39 86 6 284 23 13 17 1 19 29 36 61 23 199 22 320 15 17 4 83 10 282 48 176 6
16004 20 1731 217 47 116 8 275 11 46 10 318 32 334 31 148 34 1 26 22 11 101 22 32 22 337 50 176 19 212 9 269 39 15 35 187 32 342 11 42 38 272 9
16005 20 1812 321 6 141 20 239 44 95 12 4 47 84 38 21 22 189 46 290 50 104 10 118 44 227 1 288 38 242 27 259 3 97 14 345 16 205 38 262 18 94 11
16006 20 1713 151 31 81 24 119 26 114 21 181 25 11 1 69 37 301 8 224 45 284 35 199 30 250 43 45 6 131 6 324 24 168 26 306 48 100 24 173 15 196 6
16007 20 1920 289 6 256 9 93 6 316 18 200 49 204 48 80 4 43 26 9 25 232 34 201 10 305 49 311 30 73 25 26 28 65 31 133 24 323 39 341 43 340 40
16008 20 1747 96 38 121 1 80 47 10 4 295 3 280 6 159 28 116 38 101 40 13 28 155 46 263 30 18 1 170 12 240 11 158 29 332 8 310 28 319 15 259 14
16009 20 1591 19 38 69 27 216 37 165 18 76 29 247 32 24 9 211 44 183 5 253 43 214 31 176 22 93 5 142 7 263 7 276 3 78 2 118 14 68 37 291 47
16010 20 1670 283 23 70 44 335 15 104 19 320 6 164 33 139 39 6 33 146 50 289 10 156 16 112 35 270 31 98 37 67 39 185 2 163 7 45 47 121 50 268 42
16011 20 1763 306 31 227 46 221 34 278 16 333 18 226 41 186 37 325 5 18 23 243 36 263 28 37 25 286 33 23 8 183 40 100 40 20 26 185 43 9 14 58 44
16012 20 1778 83 35 84 18 224 8 22 43 130 17 278 42 296 17 268 31 349 41 88 31 230 39 120 2 314 6 94 25 171 3 254 38 1 21 63 10 345 5 142 11
16013 20 1883 184 35 158 50 253 38 299 43 277 31 224 16 203 25 31 10 170 5 281 23 312 26 156 24 236 2 280 27 12 13 163 21 63 15 160 13 59 37 245 33
16014 20 2009 154 49 9 36 179 43 91 3 166 26 216 44 231 39 229 33 168 7 346 32 219 17 296 36 278 10 144 16 155 28 319 5 237 5 213 17 247 3 121 14
16015 20 1417 180 36 207 11 26 37 45 45 95 42 76 16 310 22 201 38 83 46 53 37 24 22 92 12 128 6 80 26 211 50 191 40 337 48 252 12 86 46 158 31
16016 20 1526 138 33 296 47 56 46 136 39 93 39 177 16 12 20 329 39 176 8 116 38 59 6 227 45 155 29 208 43 226 15 223 15 50 20 64 5 267 49 45 9
16017 20 1550 37 24 277 48 93 5 338 20 313 5 257 23 13 36 20 19 216 27 11 41 44 33 58 43 4 21 349 20 121 46 279 8 219 5 7 13 261 47 183 25
16018 20 1736 51 39 198 15 176 17 184 41 245 44 132 38 229 41 182 32 111 31 304 31 178 32 190 46 238 49 158 48 145 40 173 47 231 22 212 6 38 47 97 34
16019 20 1797 192 30 174 20 20 5 104 32 337 7 314 14 90 4 11 27 152 19 276 48 310 50 246 42 71 9 200 10 105 48 344 47 127 19 168 48 323 23 31 10
16020 20 2169 129 44 275 20 299 36 148 2 256 24 349 15 323 47 9 46 305 8 105 10 250 8 233 18 325 32 191 48 164 2 328 7 28 48 258 13 145 9 218 20
16021 20 1795 310 35 343 6 45 38 252 44 171 8 344 28 42 11 105 23 203 4 186 4 83 44 182 30 296 27 12 16 46 23 200 40 280 46 179 41 297 23 14 6
16022 20 1671 68 41 147 28 247 21 283 2 308 38 85 3 69 14 106 17 342 19 132 40 193 33 181 22 178 10 314 26 84 27 183 3 120 29 32 16 101 14 170 10
16023 20 1762 202 4 264 22 219 21 238 11 89 19 83 3 32 6 130 41 320 7 276 46 39 28 65 19 260 33 71 25 52 30 226 5 194 48 173 16 337 35 255 8
16024 20 1748 36 39 110 20 145 42 260 14 248 38 59 37 17 26 105 28 158 26 103 11 257 30 315 2 77 39 68 16 276 24 23 13 262 34 332 6 325 44 321 25
16025 20 1989 183 32 311 49 107 17 277 16 194 31 76 3 310 42 154 39 130 23 54 7 146 26 320 10 161 3 67 36 298 38 160 30 219 22 329 27 290 7 192 34
16026 20 1473 237 19 188 46 260 41 34 41 14 39 48 11 116 19 322 27 73 39 62 21 76 23 150 46 96 30 24 35 336 15 320 24 85 7 22 44 300 7 184 15
16027 20 1830 96 33 227 11 3 49 289 28 237 2 248 14 174 49 209 21 129 34 106 16 50 27 290 34 34 11 127 35 167 12 249 14 297 25 77 1 323 15 328 9
16028 20 1741 167 25 124 40 74 32 61 4 318 19 216 44 208 49 29 20 277 13 137 39 213 2 338 28 237 12 93 15 123 9 241 46 50 14 30 12 317 46 229 36
16029 20 1274 62 25 245 10 55 15 139 18 153 27 80 4 115 19 232 1 133 26 215 5 34 8 150 35 23 29 147 40 25 27 27 38 203 23 99 8 287 37 125 41
16030 20 1341 215 6 45 29 27 28 330 9 203 46 63 38 55 14 74 28 193 20 219 19 199 47 58 1 119 6 308 8 195 34 98 9 42 42 190 18 21 21 28 25
16031 20 1672 118 42 214 23 255 38 250 49 309 18 69 7 164 26 208 32 84 15 139 28 49 39 138 42 180 27 111 3 297 38 27 15 181 41 237 37 178 38 136 36
16032 20 2054 55 6 95 20 132 2 301 17 116 42 294 16 280 31 207 11 210 19 263 6 256 42 22 38 332 10 125 11 347 12 248 3 67 42 222 50 325 16 211 18
16033 20 2123 111 28 99 44 337 9 203 5 74 10 163 15 182 2 298 43 326 10 40 37 307 44 256 1 266 7 195 40 225 7 59 35 157 30 323 17 332 29 294 43
16034 20 1820 6 27 45 5 319 20 164 10 209 23 266 25 271 22 171 12 348 28 20 33 166 26 264 40 294 48 168 36 341 13 141 19 207 48 189 28 13 49 38 37
16035 20 1698 4 3 63 26 77 34 189 24 208 8 228 35 122 17 128 19 136 13 311 48 206 29 306 3 217 34 67 17 173 4 172 28 216 49 251 37 229 13 94 39
16036 20 1780 190 30 162 6 10 32 294 22 92 41 279 22 197 33 290 32 50 7 154 5 280 31 22 29 236 23 215 17 235 11 155 27 342 16 34 1 249 27 75 40
16037 20 1570 218 5 63 16 138 2 197 39 110 50 343 42 233 16 322 18 88 38 34 25 250 40 153 42 107 36 44 5 163 18 146 32 273 10 47 12 12 45 200 23
16038 20 2002 196 44 266 28 159 37 348 49 225 33 325 24 127 15 81 12 211 38 276 28 33 7 52 43 305 13 206 1 264 30 347 7 226 18 82 25 68 8 208 42
16039 20 1751 232 32 320 48 64 33 258 1 9 38 334 17 241 28 24 6 33 24 219 14 322 28 309 48 145 43 14 50 231 5 333 14 176 33 80 8 90 30 68 29
16040 20 1779 165 37 170 44 160 27 328 35 145 42 107 22 202 6 18 44 129 31 146 12 237 30 177 12 112 6 320 4 88 39 282 4 325 3 198 34 179 25 71 26
16041 20 1680 266 27 349 18 84 17 313 12 199 8 175 36 190 2 147 1 59 18 304 48 107 38 2 33 92 49 17 23 87 48 91 15 196 10 148 14 322 11 213 32
16042 20 2062 138 48 223 41 246 23 349 14 279 49 72 18 100 4 209 50 122 33 274 10 280 14 226 28 175 23 291 49 336 3 332 25 204 15 148 28 15 13 106 13
16043 20 1883 184 25 212 39 36 11 213 18 235 24 200 50 250 27 27 24 67 25 211 22 306 35 273 11 349 20 138 16 182 46 278 17 70 42 258 7 252 20 25 38
16044 20 1518 295 24 140 44 152 16 268 20 292 28 41 49 65 14 9 13 33 48 30 17 343 8 183 15 249 40 121 2 11 47 42 6 322 31 149 23 148 18 143 39
16045 20 2039 148 35 137 12 298 47 76 33 244 6 149 37 215 31 253 15 223 25 216 33 274 9 340 45 239 41 170 38 310 14 276 7 98 14 120 48 160 48 132 4
16046 20 1751 255 30 92 21 62 46 185 34 320 50 319 43 109 10 290 49 50 11 139 10 24 16 268 23 80 40 120 39 339 1 94 43 332 37 163 44 132 49 129 4
16047 20 1553 198 49 146 8 161 37 59 10 147 49 21 22 214 41 245 43 82 16 334 20 219 29 114 50 216 28 45 47 226 26 250 25 26 48 135 36 236 45 33 43
16048 20 1262 20 4 206 12 50 1 343 16 86 14 84 14 129 35 179 6 282 28 233 9 29 8 28 44 72 14 38 19 98 30 90 1 37 2 151 37 146 18 224 10
16049 20 1893 53 38 138 37 168 46 220 45 28 28 326 37 164 3 330 35 266 17 305 13 198 44 37 45 218 25 343 35 49 4 87 36 291 25 238 47 324 27 4 37
