16000 15 2072 278 13 122 22 93 23 114 27 254 39 347 18 268 16 176 30 471 28 371 41 207 39 482 10 101 35 361 6 500 9
16001 15 1881 303 27 323 24 99 18 49 14 144 4 153 40 422 22 57 49 451 28 228 24 318 35 264 1 394 15 87 4 470 37
16002 15 2050 14 24 363 39 400 11 456 48 377 1 101 31 440 24 152 49 322 4 376 50 127 45 484 41 48 29 107 34 334 28
16003 15 2128 220 50 52 35 388 1 247 45 250 23 145 50 3 36 224 6 284 47 460 11 446 36 408 31 328 5 361 34 440 45
16004 15 1716 214 12 246 15 446 33 67 42 179 16 167 23 17 19 110 42 27 44 489 36 256 34 423 13 251 19 279 36 261 23
16005 15 1877 249 22 70 15 217 4 283 10 232 48 426 6 467 47 16 8 325 11 46 10 368 32 84 31 398 34 351 26 222 11
16006 15 1715 1 22 382 22 187 50 476 19 62 9 419 39 465 35 137 32 442 11 92 38 122 9 171 6 341 20 39 44 95 12
16007 15 1893 154 47 434 38 221 22 189 46 440 50 254 10 89 18 94 27 401 38 38 42 227 9 303 47 364 45 316 5 262 18
16008 15 1239 44 11 151 31 281 24 119 26 414 21 81 25 161 1 69 37 51 8 274 45 34 35 49 30 500 43 245 6 6 24
16009 15 1517 124 18 326 6 198 50 24 23 65 46 106 39 256 6 459 43 306 16 118 50 299 4 248 30 254 43 176 9 75 32
16010 15 1905 34 50 451 10 455 49 11 30 173 25 426 28 465 31 33 24 339 41 143 40 340 46 138 21 1 30 447 10 354 30
16011 15 1989 245 3 430 6 209 28 466 38 251 40 463 28 5 46 413 30 168 1 320 12 140 11 58 29 282 8 260 28 269 15
16012 15 2001 59 14 219 38 469 27 66 37 465 18 326 29 47 32 274 9 461 44 61 33 455 3 143 14 181 26 422 43 355 42
16013 15 2389 257 13 407 26 253 28 402 18 14 18 337 41 497 33 373 20 194 35 415 4 169 20 306 14 233 39 439 6 483 46
16014 15 1713 400 39 410 6 66 12 385 20 331 48 37 17 89 35 402 13 7 45 497 21 200 18 142 6 181 27 196 21 84 28
16015 15 1609 116 33 268 26 141 36 187 25 5 18 423 43 36 13 278 37 175 36 383 23 408 33 40 50 440 20 276 35 43 9
16016 15 1969 164 8 194 33 35 34 468 24 358 22 443 30 217 28 142 46 267 18 481 49 191 38 231 30 289 20 302 14 156 44
16017 15 1881 275 21 353 18 454 38 301 21 313 10 245 5 142 11 84 35 158 50 303 38 499 43 377 31 74 16 103 25 81 10
16018 15 1487 70 5 281 23 174 34 162 26 6 24 336 2 80 27 62 13 463 21 13 15 60 13 109 37 295 33 454 49 409 36
16019 15 1924 359 29 93 41 253 16 76 16 444 31 239 29 183 18 107 46 332 19 167 46 186 28 410 44 366 5 328 19 305 37
16020 15 1945 205 13 67 47 153 21 414 30 436 7 161 26 487 45 195 45 142 26 366 10 222 1 238 33 196 3 187 24 422 42
16021 15 1095 112 28 6 30 126 11 200 41 90 37 248 2 12 36 296 8 31 38 83 46 97 6 446 36 139 43 289 27 16 12
16022 15 1207 20 29 39 26 8 16 388 9 406 27 45 5 79 8 443 26 465 23 15 50 220 14 55 17 149 45 9 37 74 27
16023 15 2072 498 43 355 38 470 13 255 7 273 13 186 20 369 16 77 11 341 44 283 8 293 4 171 49 370 21 96 29 108 19
16024 15 2150 255 7 113 11 197 33 175 1 439 48 315 26 117 34 91 45 494 32 438 29 491 32 482 11 281 4 331 28 82 40
16025 15 1798 396 38 99 8 148 45 90 23 97 31 122 12 356 38 447 47 134 42 230 24 420 20 5 4 232 37 457 14 364 40
16026 15 1774 204 11 77 2 119 26 448 10 250 46 292 21 159 50 460 5 298 44 397 27 369 18 98 23 273 31 10 29 94 25
16027 15 2074 470 49 336 48 302 6 474 49 365 23 497 9 446 5 8 5 260 5 350 8 183 18 175 32 91 48 164 2 28 7
16028 15 1814 28 48 258 13 395 9 168 20 160 35 443 6 245 38 310 2 144 21 408 44 428 42 211 5 73 3 254 36 104 33
16029 15 1575 344 32 130 3 346 27 12 16 96 23 250 40 30 46 129 41 97 23 464 6 118 41 297 28 197 21 333 2 308 38
16030 15 2695 435 3 419 14 456 17 292 19 482 40 193 33 481 22 428 10 264 26 234 27 83 3 470 29 382 16 451 14 320 10
16031 15 1861 2 4 464 22 169 21 388 11 89 19 52 33 303 32 206 30 141 20 457 26 196 39 428 15 269 10 183 21 375 2
16032 15 1981 180 26 255 44 148 23 266 37 235 5 108 36 339 10 170 45 492 10 14 48 388 9 487 17 226 5 328 8 326 3
16033 15 1879 261 7 430 15 352 27 289 18 316 26 324 23 13 12 184 32 206 25 344 21 475 33 132 11 249 7 67 27 116 44
16034 15 1864 131 26 453 10 242 4 489 30 273 4 257 46 226 20 110 11 303 17 436 48 238 10 80 19 222 29 77 40 192 34
16035 15 1618 387 19 188 46 160 41 434 41 264 39 298 11 166 19 172 27 73 39 362 21 76 23 150 46 196 30 224 35 86 15
16036 15 1764 70 24 185 7 122 44 100 7 384 15 496 33 277 11 303 49 439 28 287 2 298 14 274 49 9 21 129 34 156 16
16037 15 2567 350 27 390 34 334 11 377 35 417 12 499 14 497 25 277 1 223 15 378 9 367 25 74 40 474 32 461 4 17 18
16038 15 1232 19 16 44 8 399 29 270 27 13 37 239 13 302 37 138 28 237 12 293 15 73 9 141 46 150 14 80 12 67 46
16039 15 2081 429 36 462 25 345 10 405 15 339 18 153 27 280 4 15 19 32 1 333 26 365 5 334 8 50 35 323 29 297 40
16040 15 1829 225 27 327 38 253 23 249 8 137 37 75 41 15 6 95 29 478 30 159 3 496 13 338 5 464 24 28 43 320 19
16041 15 1966 169 49 447 8 1 19 306 8 458 45 84 48 259 42 192 40 468 21 271 28 25 18 392 14 323 5 238 50 299 9
16042 15 1778 118 19 157 14 376 8 32 34 315 39 278 49 439 38 392 30 27 11 3 47 188 27 415 31 241 37 137 28 438 36
16043 15 1428 386 5 106 45 470 32 52 1 367 16 342 44 116 30 31 7 261 10 69 13 206 6 142 22 38 32 60 25 211 47
16044 15 1918 462 48 403 17 342 22 400 45 225 16 111 18 261 28 49 44 437 9 53 5 424 10 113 15 82 2 298 43 176 10
16045 15 1837 490 37 307 44 56 1 116 7 245 40 425 7 109 35 137 7 180 23 317 32 429 40 194 43 156 27 395 5 119 20
16046 15 1664 164 10 59 23 56 16 175 21 272 21 362 48 478 20 233 16 126 14 390 44 348 18 386 41 63 41 19 7 198 39
16047 15 2060 378 13 449 38 387 4 253 13 26 27 184 39 424 13 208 8 478 35 272 17 119 36 363 11 98 6 29 6 453 17
16048 15 1815 284 17 317 23 404 22 28 16 49 4 351 37 179 13 494 39 340 30 162 6 360 32 94 22 142 41 329 22 97 33
16049 15 1484 390 32 150 7 154 5 230 31 72 29 436 23 65 17 285 11 5 27 292 16 34 1 149 27 225 40 318 5 163 16
