16000 15 1522 278 13 122 22 393 23 314 27 154 39 47 18 268 16 376 30 71 28 171 41 107 39 82 10 101 35 161 6 400 9
16001 15 1681 3 27 123 24 199 18 249 14 144 4 353 40 122 22 57 49 351 28 328 24 18 35 364 1 294 15 387 4 370 37
16002 15 1186 14 24 263 39 61 6 248 27 251 1 381 40 274 2 49 22 54 26 250 27 145 34 91 48 129 7 134 34 28 20
16003 15 1577 100 2 335 38 351 47 295 50 23 45 350 3 136 24 106 34 97 10 311 46 286 8 181 28 155 11 34 40 395 14
16004 15 1535 312 46 365 46 233 17 192 29 16 17 223 17 169 10 92 27 94 39 386 6 134 23 363 17 151 19 79 36 261 23
16005 15 1677 149 22 70 15 17 4 283 10 332 48 326 6 167 47 16 8 225 11 46 10 368 32 384 31 398 34 351 26 222 11
16006 15 1915 101 22 382 22 387 50 376 19 62 9 119 39 365 35 337 32 142 11 392 38 322 9 271 6 241 20 39 44 295 12
16007 15 1467 354 47 134 38 21 22 189 46 340 50 254 10 218 44 77 1 388 38 92 27 159 3 397 14 195 16 55 38 62 18
16008 15 1589 244 11 351 31 381 24 319 26 314 21 181 25 261 1 169 37 51 8 174 45 234 35 49 30 300 43 45 6 106 24
16009 15 1394 24 18 26 6 398 50 373 15 96 6 139 6 56 9 293 6 366 18 200 49 254 48 380 4 43 26 59 25 82 34
16010 15 1404 150 1 160 5 49 11 230 23 375 26 78 15 281 33 324 23 239 41 143 40 40 46 238 21 101 30 347 10 54 30
16011 15 939 245 3 30 6 9 28 66 38 51 40 163 28 105 46 213 30 168 1 220 12 40 11 258 29 182 8 60 28 69 15
16012 15 1695 59 14 219 38 269 27 166 37 65 18 326 29 247 32 174 9 361 44 61 33 155 3 343 14 281 26 322 43 342 7
16013 15 1290 213 7 176 3 28 2 18 14 137 41 197 33 173 20 394 35 215 4 169 20 106 14 333 39 139 6 183 46 100 39
16014 15 1821 10 6 266 12 285 20 231 48 237 17 389 35 302 13 307 45 197 21 300 18 42 6 381 27 296 21 84 28 316 33
16015 15 1683 168 26 41 36 187 25 205 18 123 43 336 13 378 37 175 36 83 23 308 33 240 50 340 20 276 35 243 9 264 8
16016 15 1474 94 33 35 34 368 24 58 22 143 30 117 28 242 46 267 18 281 49 291 38 331 30 89 20 302 14 56 44 275 21
16017 15 1428 253 18 254 38 101 21 13 10 345 5 242 11 184 35 58 50 3 38 399 43 77 31 374 16 103 25 81 10 370 5
16018 15 1431 381 23 274 34 62 26 6 24 36 2 180 27 362 13 263 21 13 15 260 13 109 37 195 33 54 49 309 36 359 29
16019 15 1326 393 41 53 16 76 16 144 31 139 29 383 18 7 46 232 19 267 46 86 28 110 44 366 5 228 19 105 37 63 17
16020 15 1194 97 3 371 14 380 36 57 11 126 37 395 45 145 42 226 16 60 22 51 38 83 46 103 37 24 22 92 12 178 6
16021 15 1526 30 26 11 50 91 40 387 48 2 12 286 46 58 31 238 33 396 47 256 46 386 39 193 39 277 16 162 20 279 39
16022 15 1561 26 8 116 38 259 6 377 45 305 29 308 43 326 15 173 15 200 20 364 5 117 49 345 9 37 24 77 48 93 5
16023 15 1774 88 20 263 5 57 23 313 36 270 19 316 27 311 41 94 33 308 43 154 21 299 20 171 46 179 8 369 5 357 13
16024 15 1181 161 47 83 25 151 39 48 15 76 17 184 41 45 44 232 38 129 41 382 32 361 31 104 31 28 32 290 46 88 49
16025 15 1173 8 48 195 40 223 47 181 22 312 6 138 47 247 34 92 30 224 20 120 5 54 32 37 7 114 14 390 4 11 27
16026 15 1578 202 19 276 48 60 50 196 42 271 9 400 10 105 48 94 47 227 19 368 48 73 23 281 10 129 44 125 20 349 36
16027 15 1181 98 2 106 24 49 15 23 47 309 46 255 8 205 10 105 50 108 33 118 25 132 41 48 14 252 28 357 28 198 8
16028 15 1344 63 45 359 18 220 10 285 43 156 45 88 10 52 44 321 8 94 28 342 11 55 23 353 4 36 4 133 44 132 30
16029 15 1604 153 46 177 12 266 46 23 50 190 30 246 29 91 47 73 14 356 18 391 47 328 47 321 33 2 8 388 35 203 19
16030 15 1142 64 6 217 42 19 32 140 43 183 31 122 28 110 14 276 34 127 33 203 20 79 32 66 1 314 20 210 2 154 14
16031 15 1613 372 19 271 38 361 39 269 2 233 3 332 6 30 41 70 7 126 46 39 28 265 19 10 33 371 25 302 30 176 5
16032 15 1434 144 48 223 16 287 35 255 8 186 39 110 20 345 42 14 48 188 9 387 17 26 5 28 8 303 11 157 30 215 2
16033 15 1313 177 39 218 16 76 24 123 13 62 34 282 6 275 44 371 25 83 32 161 49 157 17 16 44 31 26 253 10 342 4
16034 15 1808 189 30 273 4 357 46 326 20 310 11 3 17 336 48 238 10 380 19 222 29 77 40 257 42 84 37 219 38 346 10
16035 15 1634 391 34 41 14 289 48 111 16 119 22 227 23 239 12 371 26 223 50 396 46 30 24 335 36 115 20 124 35 257 22
16036 15 1192 44 50 107 34 15 46 33 27 161 3 49 39 128 37 52 48 314 24 399 9 221 29 284 6 266 50 77 40 234 34
16037 15 1255 11 27 85 17 312 49 64 47 175 27 351 23 115 28 109 17 374 40 174 32 261 4 117 18 19 16 44 8 299 29
16038 15 1519 370 27 13 37 39 13 102 37 238 28 237 12 393 15 73 9 41 46 150 14 280 12 367 46 329 36 62 25 345 10
16039 15 1265 205 15 39 18 353 27 280 4 315 19 332 1 33 26 65 5 34 8 150 35 223 29 97 40 25 27 127 38 253 23
16040 15 1496 349 8 337 37 275 41 15 6 295 29 127 28 80 9 53 46 263 38 105 14 124 28 393 20 69 19 149 47 358 1
16041 15 1690 169 6 58 8 245 34 298 9 342 42 140 18 321 21 178 25 218 42 314 23 355 38 250 49 209 18 219 7 64 26
16042 15 1632 358 32 34 15 289 28 299 39 88 42 330 27 211 3 397 38 127 15 331 41 137 37 78 38 136 36 255 6 195 20
16043 15 1525 82 2 101 17 166 42 344 16 80 31 207 11 210 19 163 6 356 42 372 38 282 10 75 11 397 12 148 3 67 42
16044 15 1024 72 50 45 25 166 11 18 11 178 49 44 37 9 3 305 24 10 13 365 32 2 48 393 26 60 40 237 7 144 6
16045 15 1831 101 16 307 45 340 25 309 35 37 7 80 23 317 32 229 40 294 43 356 27 395 5 219 20 164 10 259 23 256 16
16046 15 1582 375 21 372 21 362 48 378 20 33 16 226 14 290 44 348 18 86 41 63 41 19 7 98 39 78 13 349 38 87 4
16047 15 1585 353 13 226 27 84 39 224 13 8 8 378 35 272 17 278 19 336 13 11 48 356 29 6 3 217 34 117 23 304 22
16048 15 1309 228 16 49 4 351 37 279 13 194 39 340 30 262 6 160 32 94 22 42 41 29 22 97 33 190 32 250 7 54 5
16049 15 1759 130 31 372 29 336 23 365 17 285 11 205 27 392 16 334 1 49 27 225 40 118 5 63 16 238 2 297 39 110 50
