16000 25 646 78 13 22 22 93 23 14 27 54 39 47 18 68 16 76 30 71 28 91 7 39 32 60 1 85 11 6 50 9 3 77 23 24 49 49 14 44 4 53 40 72 7 51 28 28 24 18 35 64 1
16001 25 631 94 15 87 4 70 37 14 24 63 39 100 11 56 48 77 1 1 31 40 24 52 49 22 4 76 50 27 45 84 41 48 29 7 34 34 28 20 50 35 38 51 47 95 50 23 45 50 3 36 24
16002 25 668 6 34 97 10 11 46 86 8 81 28 55 11 34 40 95 14 12 46 65 46 33 17 92 29 16 17 23 17 69 10 27 44 89 36 56 34 63 17 51 19 79 36 61 23 49 22 70 15 17 4
16003 25 633 83 10 32 48 26 6 67 47 16 8 25 11 46 10 68 32 84 31 98 34 51 26 22 11 1 22 82 22 87 50 76 19 62 9 19 39 65 35 37 32 42 11 92 38 59 21 6 41 20 39
16004 25 579 44 45 12 4 47 34 88 21 72 39 96 40 50 4 10 39 18 44 77 1 38 42 27 9 3 47 64 45 16 5 62 18 61 1 31 31 74 19 76 14 21 31 75 11 51 19 37 1 8 24
16005 25 708 95 34 85 49 30 50 43 45 6 31 24 24 18 26 98 50 73 15 96 6 39 6 56 9 93 6 66 18 99 4 48 30 54 43 76 9 75 32 34 50 51 10 55 49 11 30 26 28 65 31
16006 25 644 33 24 73 39 41 43 90 40 96 38 71 1 80 47 60 4 45 3 30 6 9 28 66 38 51 40 63 28 5 46 13 30 68 1 20 12 40 11 58 29 82 8 28 19 65 9 14 19 88 19
16007 25 711 27 16 87 15 68 26 79 47 82 24 59 11 94 11 33 5 53 43 64 31 76 22 93 5 42 7 13 7 28 2 18 14 37 41 97 33 73 20 85 15 54 19 70 6 39 39 6 33 46 50
16008 25 652 39 10 6 16 62 35 20 31 98 37 67 39 85 2 13 7 95 47 21 50 18 42 81 27 96 21 84 28 16 33 68 26 41 36 87 25 5 18 23 43 36 13 78 37 75 36 83 23 8 33
16009 25 659 40 50 20 26 35 43 59 14 58 44 83 35 34 18 74 8 72 43 80 17 78 42 46 17 68 31 49 41 88 31 30 39 70 2 64 6 44 25 71 3 54 38 1 21 13 10 45 5 42 11
16010 25 706 84 35 58 50 3 38 99 43 77 31 74 16 75 31 10 20 55 31 23 24 34 12 26 6 36 2 80 27 62 13 63 21 13 15 60 13 9 37 95 33 54 49 86 9 79 43 91 3 66 26
16011 25 706 66 44 81 39 79 33 18 7 96 32 69 17 86 28 10 44 5 28 19 5 37 5 63 17 97 3 71 14 80 36 57 11 26 37 95 45 45 42 60 22 51 38 83 46 3 37 24 22 92 12
16012 25 622 78 6 30 26 11 50 91 40 87 48 2 12 86 46 58 31 38 33 96 47 56 46 39 43 89 27 16 12 20 29 26 8 88 9 6 27 45 5 79 8 43 26 65 23 15 50 64 5 17 49
16013 25 739 45 9 37 24 77 48 93 5 88 20 63 5 57 23 13 36 70 19 16 27 11 41 94 33 8 43 54 21 99 20 71 46 79 8 69 5 61 47 83 25 51 39 48 15 76 17 84 41 32 38
16014 25 586 29 41 82 32 61 31 4 31 28 32 90 46 88 49 8 48 95 40 23 47 81 22 12 6 38 47 47 34 92 30 24 20 20 5 54 32 37 7 14 14 11 27 2 19 76 48 60 50 96 42
16015 25 737 71 9 60 5 98 44 97 27 69 18 73 23 81 10 29 44 25 20 49 36 2 6 74 49 65 23 9 46 55 8 5 10 50 8 83 18 75 32 91 48 64 2 28 7 58 13 95 9 68 20
16016 25 574 60 35 43 6 45 38 10 2 44 21 8 44 28 42 11 5 73 3 54 36 4 33 32 30 53 46 77 12 66 46 23 50 90 30 46 29 91 47 64 6 18 41 97 28 21 33 2 8 88 35
16017 25 567 3 19 64 6 17 42 19 32 40 43 83 31 22 28 10 14 76 34 27 33 70 29 82 16 51 14 20 10 2 4 72 19 71 38 61 39 69 2 33 3 32 6 30 41 57 26 96 39 28 15
16018 25 647 69 10 83 21 75 2 80 26 55 44 48 23 66 37 35 5 8 36 39 10 70 45 92 10 14 48 88 9 87 17 26 5 28 8 3 11 57 30 15 2 77 39 18 16 76 24 23 13 62 34
16019 25 752 82 6 75 44 71 25 83 32 61 49 57 17 77 16 44 31 76 3 60 42 4 39 30 23 96 26 70 10 3 17 36 48 38 10 80 19 22 29 40 7 92 34 87 19 88 46 91 34 41 14
16020 25 547 89 48 11 16 19 22 27 23 39 12 71 26 23 50 96 46 30 24 35 36 15 20 24 35 57 22 44 50 7 34 33 27 61 3 49 39 28 37 52 48 14 24 99 9 21 29 84 6 66 50
16021 25 636 77 40 34 34 11 27 85 17 12 49 64 47 75 27 51 23 15 28 9 17 74 40 82 11 54 17 68 19 66 44 8 49 29 20 27 13 87 39 63 2 38 28 37 12 93 15 73 9 41 46
16022 25 625 50 14 80 12 67 46 29 36 62 25 45 10 5 15 39 18 53 27 54 15 69 32 51 33 76 15 34 8 35 23 97 40 25 27 27 38 23 49 58 37 87 25 41 15 6 45 78 30 59 3
16023 25 587 96 13 38 5 64 24 28 43 20 19 69 49 47 8 1 19 6 8 58 45 84 48 59 42 92 40 68 21 71 28 25 18 14 23 55 38 50 49 9 18 19 7 76 8 32 34 15 39 78 49
16024 25 655 39 38 92 30 27 11 3 47 88 27 15 31 41 37 37 28 38 36 86 5 6 45 70 32 52 1 67 16 42 44 16 30 31 7 61 10 69 13 56 42 72 38 82 10 75 11 97 12 48 3
16025 25 579 67 42 72 50 45 25 66 11 18 11 78 49 44 37 9 3 5 24 10 13 65 32 2 48 93 26 60 40 37 7 56 1 16 7 40 25 7 9 85 37 57 30 73 17 32 29 94 43 27 45
16026 25 657 5 19 70 14 60 9 23 6 66 25 71 22 62 48 78 20 33 16 26 14 90 44 48 18 86 41 63 41 19 7 98 39 13 49 88 37 4 3 77 34 39 24 8 8 85 22 67 28 36 13
16027 25 627 11 48 56 29 6 3 17 34 23 4 72 28 16 49 4 1 87 29 63 44 39 40 30 12 60 32 94 22 42 41 29 22 97 33 90 32 50 7 54 5 81 22 79 36 65 17 85 11 5 27
16028 25 620 92 16 34 1 49 27 25 40 18 5 63 16 38 2 97 39 10 50 43 42 83 16 22 18 88 38 84 25 40 3 57 36 94 5 13 18 46 32 23 10 47 12 12 45 50 23 96 44 16 28
16029 25 523 9 37 48 49 75 33 25 24 77 15 31 12 11 38 26 28 33 7 2 43 5 13 56 1 14 30 47 7 96 26 18 32 58 8 42 32 32 20 83 8 1 9 38 34 67 41 78 24 74 19
16030 25 670 64 22 78 9 48 45 43 24 31 5 83 14 26 33 80 8 40 30 68 29 65 37 20 44 10 27 35 45 42 7 72 2 6 18 94 29 81 46 62 37 27 12 70 4 38 39 82 4 75 3
16031 25 611 48 34 79 25 71 26 66 27 49 18 34 17 63 12 99 8 25 36 40 2 97 1 9 18 54 48 7 38 52 33 92 49 17 23 75 37 41 15 96 10 14 22 11 13 32 38 23 41 29 49
16032 25 611 72 18 4 9 50 22 33 24 10 30 64 26 28 25 23 41 49 36 53 32 25 50 54 15 48 28 65 13 56 13 84 25 12 39 86 11 63 18 85 24 77 27 74 17 11 22 35 23 61 49
16033 25 699 20 38 66 32 96 28 67 20 42 8 7 2 25 38 95 24 90 44 2 16 68 20 78 41 49 15 64 9 13 33 48 30 43 8 33 15 71 2 61 47 92 6 72 31 73 48 39 48 85 37
16034 25 667 62 48 47 26 83 44 56 49 37 15 81 3 15 23 75 16 74 9 90 45 39 41 70 38 10 14 26 7 48 14 20 48 98 32 4 5 30 42 71 12 96 35 84 20 19 43 59 10 40 49
16035 25 729 50 11 89 10 24 16 18 23 30 40 70 39 39 1 94 43 32 37 13 44 49 29 54 48 99 46 58 11 87 9 60 47 71 22 64 41 45 43 82 16 84 20 69 29 14 50 66 28 97 26
16036 25 673 26 50 25 26 98 35 86 36 45 48 83 43 20 4 6 12 51 43 66 36 64 34 14 29 85 29 82 28 59 29 8 34 78 44 72 14 38 19 48 30 40 1 37 2 87 46 68 24 60 3
16037 25 604 38 38 37 18 46 20 95 28 28 26 87 14 53 30 85 16 17 5 13 48 44 16 18 25 43 35 99 4 36 41 25 3 47 50 66 24 77 4 29 34 71 47 52 25 11 2 26 38 65 45
16038 25 561 62 9 79 10 12 17 47 5 44 2 42 40 3 9 63 29 2 7 46 24 53 49 51 16 21 41 87 37 36 1 96 16 7 35 59 11 28 10 5 19 14 13 83 42 25 34 98 22 60 3
16039 25 705 71 10 18 22 30 10 61 16 97 11 13 13 72 20 99 30 82 26 41 36 46 4 49 28 45 25 64 45 23 49 21 32 42 13 79 2 78 26 14 41 90 36 62 38 67 43 65 8 81 12
16040 25 611 13 31 89 8 57 2 4 5 74 4 27 7 73 21 69 1 99 28 88 41 67 23 2 6 39 46 22 48 28 33 11 8 72 20 65 25 23 21 1 26 50 7 98 20 78 50 43 26 30 18
16041 25 691 96 2 69 2 93 16 75 40 44 8 3 31 19 19 55 43 90 7 70 39 64 19 60 43 2 20 32 37 43 35 7 44 77 24 67 19 28 18 72 8 89 40 62 31 31 19 51 21 84 19
16042 25 673 80 28 39 34 47 36 65 35 29 49 43 22 78 16 42 46 85 19 56 28 53 47 90 34 10 34 45 4 32 24 70 28 81 6 48 30 58 15 73 5 99 42 6 21 22 3 62 5 34 21
16043 25 679 90 33 67 44 16 40 36 32 11 15 12 18 71 43 15 2 50 32 74 5 80 17 24 38 88 47 92 49 52 25 72 41 9 38 86 25 73 6 42 38 68 10 10 10 76 11 61 7 84 17
16044 25 623 37 1 42 26 90 39 17 38 41 9 34 49 99 20 25 28 92 31 19 31 80 40 11 6 2 23 12 36 88 33 77 23 66 14 33 25 48 32 73 17 58 2 10 40 72 41 89 2 32 1
16045 25 553 7 34 26 20 71 17 70 10 49 46 86 22 39 1 87 21 77 34 4 1 52 12 2 12 3 24 54 42 85 44 83 20 19 2 40 35 73 49 9 39 45 29 17 29 35 18 30 48 43 50
16046 25 622 96 48 93 22 85 37 54 4 57 8 46 42 30 46 27 50 32 35 8 22 29 39 88 9 25 7 41 22 28 33 73 23 83 16 95 17 4 50 20 10 17 3 39 13 31 40 94 17 50 17
16047 25 633 48 40 4 6 64 11 46 37 40 31 59 12 63 26 8 29 31 10 43 16 17 47 6 29 78 46 24 44 97 40 91 36 95 49 99 7 94 37 26 45 60 38 23 19 68 5 47 46 36 44
16048 25 622 51 16 23 48 89 16 94 30 9 29 26 9 79 33 54 15 30 30 62 41 19 36 60 37 40 37 6 37 82 41 32 35 34 46 71 30 77 31 2 39 39 36 93 3 16 22 66 8 90 1
16049 25 677 67 28 41 6 33 29 89 25 10 25 82 13 59 29 38 5 64 47 9 2 87 44 94 42 61 17 57 19 50 42 23 28 83 47 37 7 81 49 65 11 54 16 46 3 74 50 19 45 32 32
