16000 25 2269 278 13 122 22 393 23 314 27 154 39 47 18 268 16 376 30 71 28 171 41 107 39 82 10 101 35 161 6 400 9 3 27 123 24 199 18 249 14 144 4 353 40 172 7 49 1 128 28 74 18
16001 25 2273 35 14 51 44 65 37 54 20 387 14 324 13 89 50 61 6 248 27 251 1 381 40 274 2 49 22 176 50 127 45 284 41 148 29 107 34 134 28 120 50 352 35 188 1 347 45 150 23 145 50
16002 25 2363 3 36 224 6 184 47 160 11 346 36 8 31 328 5 261 34 240 45 14 12 46 15 246 33 267 42 79 16 167 23 317 19 310 42 227 44 189 36 356 34 223 13 151 19 136 11 73 49 172 20
16003 25 2664 65 17 254 33 160 32 298 26 106 17 47 16 258 25 61 46 210 18 132 34 331 48 134 1 76 22 211 1 322 32 122 37 350 26 269 12 259 19 339 15 285 37 332 42 161 42 188 22 359 21
16004 25 2839 306 41 220 39 144 45 212 4 347 34 288 21 72 39 396 40 250 4 10 39 218 44 77 1 388 38 92 27 159 3 397 14 195 16 55 38 62 18 244 11 351 31 381 24 319 26 314 21 181 25
16005 25 2011 261 1 169 37 51 8 174 45 234 35 49 30 300 43 45 6 181 6 124 24 18 26 106 48 24 23 265 46 139 6 56 9 293 6 366 18 200 49 254 48 380 4 43 26 59 25 82 34 150 1
16006 25 2070 160 5 49 11 230 23 375 26 78 15 281 33 324 23 239 41 143 40 40 46 238 21 101 30 347 10 54 30 245 3 30 6 9 28 66 38 51 40 163 28 105 46 213 30 168 1 220 12 211 8
16007 25 2404 229 32 358 10 128 19 65 9 314 19 88 19 227 16 287 15 168 26 179 47 382 24 59 11 294 11 133 5 53 43 364 31 76 22 293 5 342 7 213 7 176 3 28 2 18 14 137 41 197 33
16008 25 2811 173 20 394 35 215 4 169 20 106 14 333 39 139 6 183 46 100 39 10 6 266 12 285 20 231 48 237 17 389 35 302 13 307 45 197 21 300 18 42 6 381 27 296 21 84 28 316 33 168 26
16009 25 2713 41 36 187 25 205 18 123 43 336 13 378 37 175 36 83 23 308 33 240 50 340 20 276 35 243 9 264 8 94 33 35 34 368 24 58 22 143 30 117 28 242 46 267 18 281 49 291 38 331 30
16010 25 2259 89 20 302 14 56 44 275 21 253 18 254 38 101 21 13 10 345 5 242 11 184 35 58 50 3 38 399 43 77 31 374 16 103 25 81 10 370 5 381 23 274 34 62 26 6 24 36 2 180 27
16011 25 2336 362 13 263 21 13 15 260 13 109 37 195 33 54 49 309 36 359 29 393 41 53 16 76 16 144 31 139 29 383 18 7 46 232 19 267 46 86 28 110 44 366 5 228 19 105 37 63 17 97 3
16012 25 2216 371 14 380 36 57 11 126 37 395 45 145 42 226 16 60 22 51 38 83 46 103 37 24 22 92 12 178 6 30 26 11 50 91 40 387 48 2 12 286 46 58 31 238 33 396 47 256 46 386 39
16013 25 2670 193 39 277 16 162 20 279 39 26 8 116 38 259 6 377 45 305 29 308 43 326 15 173 15 200 20 364 5 117 49 345 9 37 24 77 48 93 5 88 20 263 5 57 23 313 36 270 19 316 27
16014 25 2306 311 41 94 33 308 43 154 21 299 20 171 46 179 8 369 5 357 13 161 47 83 25 151 39 48 15 76 17 184 41 45 44 232 38 129 41 382 32 361 31 104 31 28 32 290 46 88 49 8 48
16015 25 2519 195 40 223 47 181 22 312 6 138 47 247 34 92 30 224 20 120 5 54 32 37 7 114 14 390 4 11 27 202 19 276 48 60 50 196 42 271 9 360 5 198 44 197 27 269 18 298 23 373 31
16016 25 2691 110 29 394 25 70 49 136 48 102 6 374 49 165 23 197 9 246 5 308 5 360 5 250 8 283 18 75 32 191 48 364 2 128 7 328 48 258 13 295 9 168 20 285 43 156 45 88 10 52 44
16017 25 2395 321 8 94 28 342 11 55 23 353 4 36 4 133 44 132 30 153 46 177 12 266 46 23 50 190 30 246 29 91 47 73 14 356 18 391 47 328 47 233 2 308 38 135 3 119 14 217 42 19 32
16018 25 2366 140 43 183 31 122 28 110 14 276 34 127 33 203 20 79 32 66 1 314 20 210 2 154 14 372 19 271 38 361 39 269 2 233 3 332 6 30 41 70 7 126 46 39 28 265 19 10 33 371 25
16019 25 2465 302 30 176 5 144 48 223 16 287 35 255 8 186 39 110 20 345 42 14 48 188 9 387 17 26 5 28 8 303 11 157 30 215 2 177 39 218 16 76 24 123 13 62 34 282 6 275 44 371 25
16020 25 2430 83 32 161 49 157 17 177 16 144 31 176 3 60 42 104 39 330 23 204 7 296 26 170 10 61 3 267 36 298 38 110 30 369 22 129 27 340 7 92 34 287 19 288 46 160 41 134 41 264 39
16021 25 2585 398 11 166 19 372 27 73 39 162 21 76 23 350 46 396 30 24 35 286 15 370 24 285 7 22 44 200 7 84 15 33 27 161 3 49 39 128 37 52 48 314 24 399 9 221 29 284 6 266 50
16022 25 2143 77 40 234 34 11 27 85 17 312 49 64 47 175 27 351 23 115 28 109 17 374 40 174 32 261 4 117 18 19 16 44 8 299 29 370 27 13 37 39 13 102 37 238 28 237 12 393 15 73 9
16023 25 2151 41 46 150 14 280 12 367 46 329 36 62 25 345 10 205 15 39 18 353 27 54 15 69 32 151 33 276 15 105 34 58 50 135 23 29 47 190 25 377 27 38 3 23 49 337 37 275 41 15 6
16024 25 2666 295 29 127 28 80 9 53 46 263 38 105 14 124 28 393 20 69 19 149 47 358 1 169 6 58 8 245 34 298 9 342 42 140 18 321 21 178 25 218 42 314 23 355 38 250 49 209 18 219 7
16025 25 2519 64 26 358 32 34 15 289 28 299 39 88 42 330 27 211 3 397 38 127 15 331 41 137 37 78 38 136 36 255 6 195 20 82 2 101 17 166 42 344 16 80 31 207 11 210 19 163 6 356 42
16026 25 2223 372 38 282 10 75 11 397 12 148 3 67 42 72 50 45 25 166 11 18 11 178 49 44 37 9 3 305 24 10 13 365 32 2 48 393 26 60 40 237 7 144 6 101 16 307 45 340 25 309 35
16027 25 2841 37 7 80 23 317 32 229 40 294 43 356 27 395 5 219 20 164 10 259 23 256 16 375 21 372 21 362 48 378 20 33 16 226 14 290 44 348 18 86 41 63 41 19 7 98 39 78 13 349 38
16028 25 2607 87 4 353 13 226 27 84 39 224 13 8 8 378 35 272 17 278 19 336 13 11 48 356 29 6 3 217 34 117 23 304 22 228 16 49 4 351 37 279 13 194 39 340 30 262 6 160 32 94 22
16029 25 2608 42 41 29 22 97 33 190 32 250 7 54 5 130 31 372 29 336 23 365 17 285 11 205 27 392 16 334 1 49 27 225 40 118 5 63 16 238 2 297 39 110 50 143 42 183 16 322 18 388 38
16030 25 2544 284 25 300 40 353 42 57 36 394 5 313 18 146 32 23 10 147 12 12 45 250 23 296 44 216 28 9 37 148 49 375 33 125 24 77 15 31 12 111 38 226 28 233 7 302 43 305 13 356 1
16031 25 2772 314 30 147 7 196 26 218 32 275 18 258 8 242 32 232 20 248 14 183 8 301 9 238 34 167 41 78 24 156 33 274 19 364 22 278 9 148 45 43 24 164 50 231 5 383 14 226 33 180 8
16032 25 2415 140 30 368 29 165 37 20 44 110 27 178 35 195 42 307 22 252 6 118 44 379 31 146 12 237 30 127 12 262 6 70 4 338 39 282 4 75 3 248 34 25 21 126 16 377 49 18 34 267 13
16033 25 2445 312 49 8 25 336 40 152 47 301 9 18 4 298 7 88 2 33 42 199 17 223 25 287 48 341 15 96 10 148 14 172 11 13 32 388 48 123 41 296 23 99 14 229 49 272 18 300 4 159 50
16034 25 2408 72 33 224 10 280 14 76 28 25 23 241 49 186 3 232 25 200 4 215 48 328 15 313 6 213 34 375 12 39 36 161 13 18 35 324 50 100 50 177 27 174 17 225 11 222 6 35 23 361 49
16035 25 2391 20 38 66 32 396 28 67 20 342 8 7 2 120 25 38 45 274 40 394 2 166 18 370 42 78 41 349 15 164 9 313 33 148 30 143 8 133 15 149 40 71 2 261 47 192 6 272 31 249 23
16036 25 2115 398 18 243 39 385 37 62 48 147 26 283 44 256 49 37 15 81 3 115 23 75 16 83 24 59 40 345 39 91 20 288 10 364 26 7 48 64 20 48 10 298 32 104 5 230 42 71 12 96 35
16037 25 2384 84 20 100 19 243 9 360 40 49 50 261 39 60 24 66 18 123 30 390 20 339 39 51 44 343 32 37 13 94 32 149 29 254 48 199 46 358 11 187 9 160 47 171 22 264 41 345 43 82 16
16038 25 2836 284 20 69 29 214 50 266 28 345 47 326 26 250 25 176 48 35 36 36 45 398 33 143 20 304 6 212 50 351 43 186 14 334 14 329 35 279 6 82 28 383 9 29 8 234 28 94 22 314 38
16039 25 2463 69 48 180 40 251 37 352 1 87 46 268 24 360 3 238 38 337 18 346 20 295 28 28 26 387 14 153 30 285 16 117 5 13 48 44 16 395 18 375 43 85 49 54 37 36 41 125 3 47 50
16040 25 2367 166 24 177 4 287 29 184 21 347 2 75 11 52 21 126 38 65 45 362 9 379 10 212 17 147 5 244 2 342 40 103 9 363 29 163 2 207 46 324 3 149 1 16 50 21 41 187 37 36 1
16041 25 1748 196 16 212 7 85 9 111 28 160 5 169 14 63 33 92 25 284 48 122 10 3 21 110 18 22 30 161 16 97 11 313 13 72 20 99 30 382 26 141 36 146 4 49 28 45 25 64 45 299 23
16042 25 2816 249 21 332 18 142 13 279 2 178 26 114 41 390 36 362 38 167 43 65 8 281 12 213 31 389 8 57 2 104 5 274 4 27 7 73 21 169 1 374 49 278 38 341 17 273 2 306 39 196 22
16043 25 2785 298 28 83 11 308 22 320 15 75 23 271 1 326 50 57 48 370 28 300 43 76 28 30 18 396 2 269 2 293 16 175 40 44 8 303 31 219 19 355 43 90 7 70 39 264 19 260 43 319 2
16044 25 2570 20 46 232 37 43 35 207 44 377 24 119 17 169 28 18 22 208 39 290 12 381 31 369 1 221 34 69 30 128 39 234 47 386 15 85 29 149 43 372 28 16 42 196 35 165 6 353 47 334 30
16045 25 1876 210 34 200 45 4 32 24 43 65 20 328 31 206 6 181 48 280 8 15 23 5 49 242 20 6 21 122 3 162 5 34 21 390 33 267 44 16 40 336 32 11 15 112 18 171 43 215 2 150 32
16046 25 2879 274 5 380 17 324 38 388 47 392 49 52 25 72 41 209 38 386 25 180 23 256 42 88 18 310 10 260 26 211 11 257 34 67 37 151 42 126 40 339 17 238 42 141 9 334 49 199 20 125 28
16047 25 2609 192 31 119 31 300 30 40 11 56 2 23 12 286 42 100 38 383 25 77 23 341 16 214 33 175 48 382 23 67 8 302 10 390 22 41 39 352 32 351 7 234 26 270 21 367 20 10 49 146 36
16048 25 2797 222 39 351 37 71 27 134 4 1 2 62 2 362 3 274 4 292 27 385 44 183 20 119 2 240 35 373 49 386 19 286 7 109 39 145 29 217 29 135 18 30 48 343 50 296 48 393 22 185 37
16049 25 2416 254 4 257 8 146 42 230 46 327 50 232 35 8 22 229 39 188 9 225 7 41 22 28 33 73 23 183 16 395 17 204 50 320 10 57 17 353 39 363 31 90 44 267 50 117 48 140 4 106 14
