16000 30 871 28 13 122 22 43 23 14 27 104 39 47 18 68 16 26 30 121 28 21 41 57 39 82 10 101 35 11 6 50 9 53 27 23 24 49 18 114 44 54 3 90 22 107 49 78 28 24 18 35 14 1 44 115 37 4 20 87 14 13 39
16001 30 1105 100 11 56 48 77 1 51 31 90 24 102 49 72 4 26 50 127 45 84 41 148 29 7 34 34 28 120 50 2 35 38 1 147 45 150 23 145 50 53 36 24 6 10 11 46 36 8 31 28 5 61 34 95 14 112 46 65 46 133 17
16002 30 1192 142 29 66 17 23 17 19 10 92 27 144 39 136 6 134 23 63 17 51 19 29 36 111 23 49 22 120 15 67 4 133 10 32 48 76 6 117 47 16 8 25 11 146 10 18 32 84 31 98 34 101 26 22 11 1 22 132 22 137 50
16003 30 989 26 19 112 9 69 39 65 35 137 32 92 11 42 38 72 9 21 6 41 20 139 44 145 12 104 47 34 38 121 22 146 40 100 4 10 39 18 44 77 1 38 38 27 9 53 47 14 45 66 5 44 11 51 31 31 24 19 26 64 21
16004 30 1200 31 25 111 1 19 37 1 8 124 45 134 35 99 30 100 43 95 6 131 6 74 24 18 26 106 48 50 24 73 15 46 6 139 6 59 43 16 18 149 4 48 30 104 43 76 9 75 32 51 10 105 49 130 23 125 26 78 15 33 24
16005 30 1179 73 39 141 43 140 40 46 38 121 1 80 47 60 4 95 3 130 6 9 28 116 38 1 40 13 28 105 46 18 1 70 12 111 8 79 32 58 10 128 19 115 9 114 19 88 19 27 16 137 15 68 26 47 32 24 9 11 44 133 5
16006 30 1046 3 43 114 31 76 22 43 5 92 7 63 7 26 3 128 2 68 14 118 37 91 47 83 23 70 44 85 15 4 19 120 6 139 39 6 33 46 50 89 10 106 16 62 35 31 48 87 17 39 35 52 13 7 45 47 21 77 46 121 34
16007 30 1323 128 16 133 18 26 41 36 37 125 5 118 23 143 36 13 28 137 25 86 33 73 8 140 50 40 20 76 35 43 9 114 8 94 33 135 34 18 24 58 22 130 17 78 42 146 17 81 49 91 38 80 39 120 2 106 44 75 21 3 18
16008 30 1014 104 38 101 21 13 10 45 5 92 11 134 35 8 50 3 38 49 43 127 31 74 16 53 25 31 10 20 5 23 24 62 26 6 24 86 2 130 27 113 13 121 13 65 10 59 37 95 33 4 49 109 36 129 43 41 3 116 26 16 44
16009 30 1220 81 39 129 33 68 7 146 32 119 17 46 36 128 10 144 16 55 28 5 37 113 17 147 3 121 14 130 36 57 11 126 37 145 45 45 42 26 16 60 22 1 38 83 46 3 37 74 22 142 12 78 6 30 26 61 50 41 40 37 48
16010 30 824 2 12 86 46 8 31 38 33 46 47 6 46 36 39 143 39 127 16 62 20 79 39 26 8 16 38 9 6 27 45 55 29 108 43 76 15 23 15 50 20 14 5 67 49 45 9 87 24 148 43 105 38 20 13 7 23 63 36 70 19
16011 30 1149 16 27 61 41 44 33 8 43 104 21 49 20 121 46 79 8 69 5 107 13 111 47 83 25 1 39 48 15 76 17 134 41 45 44 32 38 29 41 82 32 131 4 81 28 132 40 96 38 98 45 90 23 147 31 122 12 6 38 97 34
16012 30 1191 92 30 24 20 120 5 4 32 137 7 114 14 90 4 11 27 52 19 76 48 10 50 96 42 121 9 50 10 105 48 144 47 77 19 68 48 23 23 131 10 29 44 75 20 149 36 148 2 6 24 15 23 147 9 108 5 60 5 100 8
16013 30 971 133 18 75 32 41 48 14 2 128 7 78 48 8 13 145 9 18 20 10 35 43 6 45 38 110 2 94 21 58 44 92 11 55 23 3 4 86 4 33 44 32 30 96 27 112 16 46 23 100 40 80 46 29 41 47 23 64 6 68 41
16014 30 1052 97 28 71 33 2 8 38 35 53 19 64 6 67 42 69 32 140 43 83 31 72 28 60 14 76 34 127 33 20 29 82 16 51 14 10 2 54 14 122 19 61 39 119 2 33 3 132 6 80 41 70 7 26 46 39 28 65 19 121 25
16015 30 991 102 30 26 5 94 48 23 16 87 35 55 8 86 39 60 20 145 42 10 14 98 38 109 37 67 26 5 28 8 26 3 11 7 30 15 2 77 39 68 16 126 24 113 12 134 32 6 25 144 21 25 33 132 11 49 7 27 16 81 26
16016 30 1201 3 10 42 4 139 30 123 4 7 46 76 20 60 11 103 17 136 48 88 10 130 19 72 29 27 40 107 42 134 37 19 38 46 10 41 34 91 14 98 11 116 19 22 27 62 21 100 46 96 30 124 35 115 20 74 35 57 22 94 50
16017 30 1116 107 34 65 46 33 27 61 3 49 39 78 37 2 48 14 24 59 21 79 34 106 16 100 27 40 34 84 11 77 35 17 12 97 25 127 1 123 15 128 9 25 24 140 24 132 11 54 17 118 19 66 44 58 49 129 20 27 13 37 39
16018 30 1148 63 2 37 38 78 37 12 43 65 23 109 41 146 50 64 30 117 46 129 36 62 25 95 10 55 15 39 18 53 27 80 4 15 19 82 1 33 26 105 34 58 50 85 23 97 40 125 27 27 38 23 49 108 37 137 25 91 15 106 45
16019 30 1232 129 27 78 30 9 3 146 13 88 5 114 24 128 43 20 19 119 49 97 8 101 19 56 8 8 45 84 48 59 42 42 40 68 21 71 28 75 18 142 14 73 5 138 50 99 9 107 14 76 8 132 34 115 39 49 39 30 27 11 3
16020 30 1169 97 38 27 15 31 41 137 37 78 38 136 36 5 6 145 20 82 2 51 17 16 42 144 16 80 31 7 11 10 19 113 6 56 42 72 38 132 10 25 11 47 12 148 3 67 42 22 50 95 25 66 11 118 11 128 49 94 37 109 3
16021 30 1109 105 24 110 13 15 32 102 48 43 26 60 40 37 7 94 6 101 16 107 45 90 25 57 9 35 37 30 23 67 32 129 40 144 43 106 27 45 5 119 20 114 10 109 23 16 25 71 22 21 12 98 28 20 33 66 26 64 40 44 48
16022 30 1103 68 36 91 13 69 7 48 39 28 13 49 38 37 4 53 13 126 27 34 39 24 13 108 8 78 35 122 17 128 19 136 13 61 48 106 29 56 3 67 34 117 17 23 4 72 28 16 49 54 1 129 13 144 39 40 30 112 6 10 32
16023 30 999 94 22 142 41 129 22 47 33 140 32 7 4 55 30 31 22 79 36 73 15 17 35 11 5 127 42 66 34 51 49 27 25 40 18 105 13 116 38 102 47 39 10 50 43 42 33 22 18 38 38 134 25 100 40 3 42 107 36 5 13
16024 30 1153 18 46 32 23 110 47 12 12 45 50 123 46 44 16 128 9 87 48 99 25 33 25 74 25 127 15 31 12 61 38 76 28 107 2 143 5 113 6 101 14 130 47 46 26 132 25 8 8 142 32 20 48 64 33 108 1 59 38 34 17
16025 30 1274 91 28 124 6 33 24 19 14 72 28 109 48 45 43 114 50 31 5 133 14 26 33 30 8 40 30 118 29 115 37 120 44 60 27 28 35 145 42 107 22 102 6 94 29 81 46 112 37 77 12 106 20 54 38 139 32 75 3 148 34
16026 30 1252 79 25 71 26 116 27 49 18 134 17 63 12 149 8 25 36 140 2 47 1 109 18 4 48 57 38 102 33 142 49 17 23 87 48 141 15 146 10 148 14 22 11 132 38 23 41 96 23 99 14 29 49 122 18 59 50 72 33 24 10
16027 30 1268 30 14 126 28 25 23 141 49 86 3 132 25 50 4 115 48 28 15 113 6 13 34 12 39 136 11 68 35 74 50 100 50 77 27 67 25 61 22 106 35 123 11 149 20 38 16 146 28 117 20 92 8 57 2 120 25 95 24 40 44
16028 30 1170 102 16 68 20 92 28 91 49 65 14 109 13 83 48 130 17 43 8 115 49 90 21 111 47 42 6 72 31 49 23 48 18 93 39 85 37 112 48 97 26 133 44 56 49 37 15 31 3 23 25 66 33 74 9 145 39 41 20 38 10
16029 30 1196 64 26 7 48 14 20 48 10 148 32 104 5 30 42 121 12 146 35 134 20 19 43 9 10 90 49 50 11 89 10 124 16 68 23 140 20 139 39 1 44 143 32 87 13 44 32 99 29 98 49 8 11 137 9 110 47 49 21 72 14
16030 30 1264 141 45 93 32 66 34 70 19 29 14 50 16 128 45 47 26 126 50 75 26 48 35 86 36 95 48 133 43 20 4 56 12 51 43 116 36 64 34 114 29 35 29 82 28 33 9 79 8 134 28 144 22 88 19 148 30 140 1 37 2
16031 30 1023 101 37 46 18 74 10 103 38 38 37 18 46 120 45 28 28 26 37 114 3 30 35 16 17 55 13 98 44 116 37 95 18 25 43 85 49 54 37 136 41 75 3 138 47 100 16 24 27 104 37 79 34 71 47 2 25 61 2 15 45
16032 30 1084 62 9 129 10 12 17 47 5 44 2 142 40 103 9 13 29 52 7 146 24 53 49 51 16 50 21 41 37 37 36 116 12 7 35 9 11 128 10 55 19 114 13 83 42 125 34 148 22 60 3 71 10 118 22 80 10 11 16 61 13
16033 30 1013 13 22 20 49 30 32 126 41 136 46 4 49 128 45 125 14 145 49 73 49 21 32 18 42 129 2 26 14 141 40 36 12 88 17 143 15 8 31 62 13 31 39 57 2 54 5 124 4 27 7 23 21 69 1 74 49 78 38 17 23
16034 30 1132 52 6 89 46 22 48 28 33 61 8 122 20 115 25 23 21 101 26 50 7 148 20 128 50 93 26 30 18 46 2 19 2 143 16 125 40 44 8 3 31 5 43 140 7 120 39 14 19 110 43 69 2 20 46 82 37 135 7 127 24
16035 30 1073 19 17 69 28 68 22 58 39 90 12 81 31 51 21 134 19 30 28 39 34 97 36 65 35 129 49 93 22 78 16 92 46 135 19 56 28 53 47 80 10 34 50 95 4 82 24 43 15 20 28 31 6 6 31 148 30 115 23 55 49
16036 30 1169 142 20 56 21 22 3 62 5 84 21 90 33 117 44 66 40 136 32 111 15 68 21 43 15 52 50 82 24 5 30 17 24 138 38 47 42 149 2 75 22 141 9 125 30 23 6 92 38 10 10 110 26 57 34 87 1 42 26 89 17
16037 30 1224 88 42 41 9 84 49 149 20 125 28 92 31 19 31 100 30 140 11 56 2 123 12 86 42 83 25 27 23 16 14 133 25 48 32 117 8 102 10 22 41 89 2 82 1 7 34 126 20 71 17 120 10 99 46 39 1 37 21 127 34
16038 30 1190 4 1 102 12 62 3 124 4 92 27 85 44 133 20 69 2 140 35 23 49 86 19 36 7 59 39 45 29 67 29 135 18 80 48 71 43 96 48 143 22 87 4 57 8 46 42 130 46 77 50 32 35 58 22 129 39 38 9 75 7
16039 30 1211 141 22 78 33 123 23 33 16 95 17 104 50 120 10 7 17 53 39 63 31 90 44 17 50 117 48 140 4 56 14 11 46 37 40 131 9 12 13 26 8 129 31 110 50 93 16 67 47 146 24 94 47 86 45 99 49 57 44 87 46
16040 30 1014 26 45 110 38 23 19 68 5 128 18 47 46 36 44 51 16 73 48 39 16 44 30 59 29 76 9 29 33 104 15 80 30 112 41 69 36 137 40 87 6 37 32 141 32 35 6 34 46 21 30 77 31 10 2 143 3 116 22 16 8
16041 30 977 40 1 67 28 41 6 33 29 39 25 10 25 32 13 9 29 133 38 5 14 147 9 2 37 94 44 142 11 17 7 69 9 110 37 88 50 92 23 128 33 97 37 7 31 99 15 11 33 54 16 96 3 74 50 91 19 45 32 82 12
16042 30 1079 141 50 72 50 88 9 99 32 31 28 114 30 16 20 60 16 37 20 148 42 137 44 94 12 145 35 83 39 18 14 2 8 65 23 9 2 134 9 14 36 98 43 1 18 4 16 6 26 147 14 143 28 3 29 110 41 96 23 43 6
16043 30 987 89 17 14 40 23 25 66 8 22 10 61 41 128 46 41 43 45 6 103 37 133 5 115 44 48 12 18 42 117 6 60 31 46 10 3 22 27 12 43 36 24 36 101 2 96 27 149 49 63 33 79 27 102 43 44 45 59 50 55 41
16044 30 1116 97 16 145 18 42 9 62 27 132 47 80 35 130 22 131 8 120 29 23 5 83 1 81 37 43 26 4 27 37 44 104 41 47 49 26 30 2 5 115 33 76 47 91 48 25 13 107 15 134 45 60 11 63 38 114 8 10 18 48 4
16045 30 1319 114 46 109 39 128 10 145 44 45 21 140 35 70 14 149 21 22 13 106 17 74 16 44 38 55 7 96 15 126 45 142 43 28 32 39 27 115 33 104 19 68 19 117 40 92 32 47 10 62 3 93 17 90 33 89 34 54 32 76 31
16046 30 1096 14 47 119 42 11 2 142 16 20 9 34 39 126 20 46 35 74 9 140 18 27 3 7 11 41 43 64 23 144 38 67 15 81 29 66 22 145 37 130 28 77 31 55 46 76 42 72 34 31 39 13 35 48 23 75 40 139 49 109 32
16047 30 1107 138 27 48 18 56 15 139 50 2 20 129 30 50 34 76 25 75 49 111 7 89 25 41 36 47 17 127 35 16 38 69 5 64 16 123 19 131 11 70 34 33 49 13 32 82 40 109 8 38 21 145 6 14 41 22 41 128 39 30 48
16048 30 1182 144 43 115 16 114 47 128 33 30 12 81 45 64 34 102 21 24 24 86 2 118 43 65 10 15 7 37 5 136 36 148 31 1 15 94 47 45 26 79 6 109 23 99 22 8 2 83 25 130 34 25 1 4 39 92 43 95 28 93 27
16049 30 972 30 7 70 28 1 45 58 9 3 30 9 27 140 13 121 22 87 2 56 33 26 8 86 16 16 27 12 6 138 37 11 7 65 14 4 22 72 8 104 30 134 43 92 6 66 31 60 23 13 35 80 48 51 48 111 9 82 15 147 18
