16000 30 1807 78 13 122 22 193 23 114 27 154 39 47 18 68 16 176 30 71 28 171 41 107 39 82 10 101 35 161 6 200 9 3 27 123 24 199 18 49 14 144 4 153 40 172 7 151 28 128 24 18 35 164 1 94 15 187 4 170 37 14 24
16001 30 1491 63 39 61 6 48 27 51 1 181 40 74 2 49 22 54 26 50 27 145 34 91 48 129 7 134 34 28 20 100 2 135 38 151 47 95 50 23 45 150 3 136 24 106 34 97 10 111 46 86 8 128 5 34 40 195 14 112 46 165 46
16002 30 1681 33 17 192 29 16 17 23 17 169 10 92 27 94 39 186 6 134 23 163 17 151 19 79 36 61 23 149 22 70 15 17 4 83 10 132 48 126 6 167 47 58 25 46 10 168 32 184 31 198 34 76 22 11 1 122 32 187 50 176 19
16003 30 1765 62 9 119 39 165 35 137 32 142 11 192 38 122 9 71 6 41 20 39 44 95 12 154 47 134 38 21 22 189 46 140 50 54 10 18 44 77 1 188 38 92 27 159 3 197 14 195 16 55 38 44 11 151 31 181 24 176 14 121 31
16004 30 1598 75 11 151 19 137 1 108 24 95 34 85 49 30 50 43 45 106 31 124 24 18 26 198 50 24 23 65 46 139 6 56 9 93 6 166 18 199 4 48 30 154 43 176 9 175 32 134 50 51 10 55 49 111 30 173 25 126 28 81 33
16005 30 1205 124 23 39 41 143 40 40 46 38 21 101 30 147 10 54 30 45 3 30 6 9 28 66 38 51 40 163 28 105 46 13 30 168 1 20 12 11 8 29 32 158 10 128 19 65 9 114 19 88 19 27 16 87 15 126 29 47 32 174 9
16006 30 1636 161 44 61 33 155 3 143 14 81 26 122 43 142 7 13 7 176 3 28 2 18 14 137 41 197 33 173 20 194 35 15 4 169 20 106 14 133 39 139 6 183 46 100 39 10 6 66 12 85 20 31 48 37 17 189 35 102 13 107 45
16007 30 1621 197 21 100 18 42 6 181 27 96 21 84 28 116 33 168 26 41 36 187 25 5 18 123 43 136 13 178 37 175 36 83 23 108 33 40 50 140 20 76 35 43 9 64 8 94 33 35 34 174 8 172 43 180 17 78 42 46 17 81 49
16008 30 1415 91 38 131 30 89 20 102 14 56 44 75 21 53 18 54 38 101 21 13 10 145 5 42 11 184 35 58 50 3 38 199 43 77 31 174 16 103 25 81 10 170 5 181 23 74 34 62 26 6 24 36 2 180 27 162 13 63 21 65 10
16009 30 1544 163 9 137 45 83 4 49 9 86 9 79 43 91 3 66 26 144 31 139 29 183 18 7 46 32 19 67 46 78 10 194 16 105 28 19 5 63 17 97 3 171 14 180 36 57 11 126 37 195 45 145 42 26 16 60 22 51 38 196 3
16010 30 1739 187 24 122 42 112 28 106 30 26 11 91 40 148 2 86 46 58 31 38 33 196 47 56 46 186 39 193 39 77 16 162 20 79 39 108 16 188 9 6 27 45 5 179 8 143 26 165 23 115 50 120 14 55 17 149 45 109 37 174 27
16011 30 1641 198 43 155 38 70 13 57 23 113 36 169 16 177 11 41 44 83 8 93 4 71 49 171 46 179 8 55 7 13 11 197 33 175 1 139 48 15 26 117 34 191 45 94 32 138 29 91 32 82 11 81 4 131 28 90 46 88 49 8 48
16012 30 1625 195 40 23 47 181 22 112 6 138 47 47 34 92 30 24 20 120 5 54 32 37 7 114 14 190 4 11 27 2 19 76 48 60 50 196 42 71 9 160 5 198 44 197 27 69 18 98 23 173 31 110 29 194 25 70 49 136 48 102 6
16013 30 1743 174 49 165 23 197 9 46 5 108 5 160 5 50 8 83 18 75 32 191 48 164 2 128 7 198 8 63 45 159 18 20 10 85 43 156 45 88 10 52 44 121 8 94 28 142 11 55 23 153 4 36 4 133 44 132 30 146 27 112 16
16014 30 1541 196 23 150 40 130 46 29 41 97 23 164 6 118 41 128 47 121 33 2 8 188 35 3 19 64 6 17 42 19 32 140 43 183 31 122 28 110 14 76 34 127 33 70 29 82 16 151 14 20 10 102 4 172 19 71 38 161 39 69 2
16015 30 1408 33 3 132 6 30 41 70 7 126 46 39 28 65 19 10 33 171 25 102 30 176 5 144 48 23 16 87 35 55 8 186 39 110 20 145 42 14 48 188 9 187 17 26 5 28 8 103 11 157 30 15 2 177 39 18 16 76 24 123 13
16016 30 1724 62 34 82 6 75 44 171 25 83 32 161 49 157 17 177 16 144 31 176 3 60 42 104 39 130 23 4 7 96 26 170 10 61 3 67 36 98 38 110 30 169 22 129 27 140 7 92 34 87 19 88 46 160 41 134 41 64 39 198 11
16017 30 1423 166 19 172 27 73 39 162 21 76 23 150 46 196 30 24 35 86 15 170 24 85 7 22 44 107 34 15 46 33 27 161 3 49 39 128 37 52 48 114 24 199 9 21 29 84 6 66 50 77 40 34 34 11 27 117 12 99 14 97 25
16018 30 1557 177 1 23 15 78 9 167 25 174 40 82 11 154 17 168 19 66 44 8 49 129 20 127 13 87 39 63 2 38 28 37 12 193 15 73 9 41 46 150 14 80 12 196 29 186 12 125 45 160 5 115 39 18 3 77 30 54 15 69 32
16019 30 1454 151 33 76 15 105 34 58 50 135 23 29 47 190 25 177 27 38 3 23 49 137 37 75 41 15 6 95 29 127 28 80 9 53 46 63 38 164 24 128 43 20 19 169 49 147 8 1 19 106 8 45 34 98 9 142 42 140 18 121 21
16020 30 1431 178 25 18 42 114 23 155 38 50 49 9 18 19 7 64 26 158 32 34 15 89 28 99 39 88 42 130 27 11 3 197 38 127 15 131 41 137 37 78 38 136 36 55 6 195 20 82 2 101 17 166 42 144 16 80 31 7 11 10 19
16021 30 1613 163 6 156 42 172 38 82 10 75 11 197 12 148 3 67 42 72 50 45 25 166 11 18 11 178 49 44 37 9 3 105 24 10 13 165 32 2 48 193 26 60 40 37 7 144 6 101 16 107 45 140 25 109 35 157 30 173 17 132 29
16022 30 1425 40 44 193 6 27 45 105 19 70 14 160 9 123 6 66 25 71 22 162 48 178 20 33 16 26 14 90 44 148 18 86 41 63 41 19 7 98 39 78 13 149 38 87 4 153 13 77 34 139 24 13 8 8 28 185 22 67 28 136 13
16023 30 1438 11 48 156 29 6 3 17 34 117 23 104 22 28 16 49 4 151 37 79 13 194 39 140 30 62 6 160 32 94 22 42 41 29 22 97 33 190 32 50 7 54 5 130 31 172 29 136 23 165 17 85 11 5 27 192 16 134 1 27 25
16024 30 1444 90 18 5 13 166 38 52 47 39 10 150 43 192 33 66 22 118 38 38 34 25 50 40 3 92 7 86 44 105 13 18 46 182 23 160 47 12 12 195 50 73 46 144 16 78 9 137 48 149 25 183 25 74 25 77 15 31 12 111 38
16025 30 1496 26 28 33 7 102 43 105 13 156 1 114 30 147 7 196 26 18 32 75 18 58 8 42 32 32 20 48 14 183 8 101 9 38 34 167 41 78 24 74 19 164 22 159 48 95 43 174 14 100 31 5 33 14 26 180 8 140 30 168 29
16026 30 1446 165 37 20 44 110 27 178 35 195 42 107 22 52 6 118 44 179 31 146 12 37 30 127 12 62 6 70 4 138 39 82 4 75 3 48 34 25 21 126 16 177 49 18 34 67 13 112 49 8 25 136 40 152 47 101 9 54 48 7 38
16027 30 1468 152 33 92 49 17 23 175 37 148 41 15 46 110 48 114 22 11 13 132 38 123 41 96 23 99 14 29 49 72 18 100 4 159 50 133 24 80 14 76 28 25 23 41 49 186 3 32 25 154 15 48 28 65 13 156 13 184 25 112 39
16028 30 1678 86 11 63 18 185 24 50 50 177 27 174 17 25 11 22 6 35 23 161 49 20 38 66 32 196 28 67 20 142 8 7 2 120 25 38 45 74 40 194 2 166 18 170 42 78 41 149 15 164 9 113 33 148 30 143 8 133 15 190 21
16029 30 1254 2 11 47 42 56 22 81 49 73 48 168 43 139 48 185 37 62 48 147 26 83 44 149 37 15 31 53 15 23 25 116 33 74 9 90 45 91 20 88 10 164 26 7 48 64 20 48 10 98 32 104 5 30 42 71 12 96 35 84 20
16030 30 1570 100 19 43 9 160 40 49 50 61 39 60 24 66 18 123 30 190 20 139 39 51 44 143 32 37 13 94 32 149 29 54 48 199 46 158 11 187 9 47 49 171 22 64 41 145 43 82 16 84 20 69 29 14 50 178 45 197 26 26 50
16031 30 1517 125 26 98 35 86 36 145 48 83 43 120 4 6 12 151 43 66 36 164 34 14 29 185 29 106 32 28 33 59 29 108 34 78 44 72 14 38 19 148 30 140 1 137 2 51 37 196 18 24 10 153 38 88 37 68 46 170 45 128 28
16032 30 1516 76 37 14 3 80 35 66 17 105 13 48 44 16 37 195 18 175 43 85 49 54 37 36 41 125 3 38 47 150 16 74 27 104 37 129 34 171 47 52 25 111 2 71 26 188 15 95 12 159 29 160 12 167 47 44 2 142 40 103 9
16033 30 1567 163 29 2 7 146 24 153 49 151 16 21 41 187 37 36 1 196 16 12 7 85 9 111 28 160 5 169 14 63 33 92 25 84 48 122 10 3 21 110 18 22 30 161 16 97 11 113 13 72 20 99 30 182 26 141 36 154 49 28 45
16034 30 1574 25 14 95 49 23 49 121 32 18 42 13 29 102 28 176 14 91 40 186 12 88 17 143 15 108 31 162 13 81 39 58 7 52 4 155 24 104 27 157 23 169 1 174 49 78 38 141 17 73 2 106 39 196 22 98 28 83 11 72 20
16035 30 1576 165 25 23 21 101 26 50 7 198 20 178 50 143 26 30 18 196 2 69 2 93 16 175 40 44 8 100 3 81 19 19 5 193 40 7 20 139 14 60 43 119 2 20 46 32 37 43 35 144 27 174 19 167 19 128 18 72 8 189 40
16036 30 1551 162 31 131 19 51 21 184 19 80 28 139 34 147 36 65 35 29 49 43 22 78 16 42 46 185 19 165 6 128 3 97 40 134 30 10 34 145 4 32 24 143 15 170 28 81 6 156 31 48 30 58 15 73 5 199 42 6 21 122 3
16037 30 1578 162 5 34 21 190 33 67 44 16 40 136 32 11 15 112 18 171 43 15 2 150 32 74 5 180 17 124 38 188 47 192 49 52 25 72 41 9 38 186 25 73 6 142 38 168 10 10 10 76 11 161 7 84 17 37 1 126 40 139 17
16038 30 1432 38 42 141 9 134 49 199 20 125 28 192 31 119 31 100 30 40 11 56 2 23 12 86 42 188 33 25 27 73 41 66 14 33 25 148 32 173 17 58 2 10 40 172 41 89 2 32 1 7 34 126 20 71 17 170 10 149 46 22 39
16039 30 1729 151 37 71 27 134 4 1 2 62 2 162 3 74 4 92 27 185 44 183 20 119 2 40 35 173 49 186 19 86 7 109 39 145 29 17 29 135 18 30 48 143 50 96 48 193 22 187 4 154 7 58 46 142 30 146 27 100 32 85 8
16040 30 1644 172 29 139 38 59 25 157 41 28 33 73 23 183 16 195 17 4 50 120 10 57 17 153 39 163 31 90 44 67 50 117 48 140 4 106 14 61 46 87 40 81 9 162 13 176 8 29 31 60 50 143 16 47 6 79 28 196 24 144 47
16041 30 1301 140 41 136 45 49 49 7 44 137 46 26 45 160 38 23 19 68 5 78 18 47 46 36 44 51 16 123 48 89 16 194 30 9 29 126 9 179 33 154 15 130 30 162 41 19 36 60 37 40 37 6 37 82 41 132 35 106 4 34 46
16042 30 1163 71 30 77 31 60 2 39 39 86 43 153 16 172 16 8 40 1 17 28 41 156 33 79 39 25 10 82 13 59 29 133 38 55 14 97 9 2 37 94 44 192 11 117 7 69 9 10 37 38 50 42 23 128 33 47 37 7 31 199 15
16043 30 1321 11 33 54 16 46 3 74 50 141 19 145 32 132 12 72 50 38 9 199 32 131 28 14 30 166 20 10 16 37 20 198 42 44 44 62 45 85 33 139 18 64 2 108 15 23 9 52 34 159 33 36 48 143 1 68 4 116 6 76 14
16044 30 1211 97 14 109 43 78 3 29 10 41 46 73 43 56 39 167 14 90 50 23 25 16 8 172 10 11 41 166 28 46 41 143 45 3 37 133 5 115 44 98 12 118 42 117 6 160 31 10 3 122 27 12 43 86 24 36 1 52 33 43 46
16045 30 1503 127 49 149 13 183 3 79 27 102 43 194 45 9 50 55 41 147 16 95 18 192 9 112 27 32 47 80 35 180 22 181 8 20 29 23 5 133 1 31 37 193 26 81 4 77 37 94 23 54 41 42 47 199 4 26 30 52 5 65 33
16046 30 1486 26 47 41 48 125 13 152 7 115 34 195 10 61 26 13 38 114 8 160 18 198 4 164 46 59 39 178 10 45 44 71 40 85 20 99 21 122 13 56 17 24 16 144 38 5 7 46 15 176 45 70 42 143 28 32 20 189 27 65 33
16047 30 1284 99 4 69 18 119 17 40 42 132 47 60 5 162 3 143 17 12 40 83 39 134 4 182 26 31 14 147 19 42 11 52 42 16 20 9 34 39 50 126 20 46 35 124 9 140 18 77 3 157 11 41 43 14 23 70 44 188 17 15 31
16048 30 1831 179 16 72 45 137 30 128 27 31 5 96 26 142 22 34 31 189 13 135 48 173 25 140 39 149 9 182 38 177 48 68 6 165 39 150 2 170 29 180 50 76 25 175 49 61 7 139 25 141 36 47 17 127 35 16 38 119 5 64 16
16049 30 1540 123 19 31 11 120 34 183 49 63 32 182 40 9 8 88 21 114 27 95 6 14 41 72 41 78 39 180 48 94 43 165 16 147 28 133 30 162 31 45 44 134 2 121 24 124 36 152 18 143 15 110 15 57 37 5 36 86 48 51 15
