19000 15 263 44 41 49 13 50 30 47 33 4 28 39 33 29 4 10 40 48 48 37 9 45 32 23 9 40 31 15 13 46 12
19001 15 286 49 47 48 34 46 47 38 15 10 24 45 12 23 19 44 31 41 12 19 41 37 18 47 42 40 44 43 36 42 8
19002 15 288 49 43 48 34 34 43 42 27 46 27 43 49 22 44 41 31 45 43 35 22 47 30 33 33 7 19 44 27 40 3
19003 15 291 49 46 47 20 39 20 46 24 48 12 35 23 1 40 32 17 38 19 45 15 41 20 33 34 43 5 42 41 44 11
19004 15 247 49 31 48 26 46 44 6 16 18 33 31 15 45 24 44 39 27 48 38 49 47 6 43 44 2 23 42 1 8 6
19005 15 295 34 26 49 10 48 29 42 18 46 18 47 22 43 37 31 46 45 48 38 16 44 21 40 41 6 38 41 16 36 9
19006 15 278 49 15 42 37 45 31 43 32 47 4 48 16 38 10 27 39 46 40 30 41 36 27 37 31 6 40 39 11 24 7
19007 15 277 48 23 45 27 49 19 43 27 46 45 14 13 47 36 28 39 24 28 40 29 25 4 38 35 39 31 37 9 31 50
19008 15 281 46 42 39 35 49 29 38 20 45 13 47 17 29 10 40 18 41 8 48 6 44 28 42 17 6 41 43 39 5 45
19009 15 283 49 37 48 40 46 24 3 18 37 43 47 5 28 12 42 15 38 18 45 14 34 1 27 18 40 7 43 35 39 13
19010 15 290 49 14 47 41 41 36 48 49 36 19 40 34 43 31 45 7 35 30 42 36 29 27 46 11 39 35 17 49 24 38
19011 15 277 47 43 48 39 49 31 43 4 36 12 33 28 45 14 30 17 42 21 11 46 44 3 7 43 46 35 32 29 41 11
19012 15 305 47 14 45 37 49 39 46 14 44 7 33 11 48 12 32 9 36 22 40 30 42 5 37 1 27 4 43 24 41 13
19013 15 268 49 17 42 1 44 41 4 8 14 30 46 2 37 9 47 20 40 14 48 45 41 16 36 42 34 37 45 33 9 15
19014 15 299 47 7 49 39 35 21 36 24 41 45 46 37 48 30 42 5 45 39 5 14 40 45 43 18 39 42 38 37 44 26
19015 15 284 49 1 34 21 48 34 32 27 46 11 45 17 13 5 42 15 47 14 43 10 35 29 38 14 25 32 39 8 33 32
19016 15 295 43 7 49 25 44 21 42 9 46 27 41 25 45 8 47 4 39 39 48 8 40 22 19 23 24 39 35 2 28 36
19017 15 274 16 45 49 11 48 46 47 15 44 37 45 50 43 21 27 8 42 8 46 40 25 48 37 24 33 18 29 41 17 37
19018 15 299 43 18 41 35 49 41 46 32 48 29 47 40 40 5 44 43 42 33 21 6 32 20 45 23 37 44 33 41 31 17
19019 15 261 49 23 47 48 48 16 46 33 19 15 44 19 45 12 12 11 43 42 23 2 3 24 35 28 30 41 39 35 40 39
19020 15 300 49 42 48 20 39 34 40 45 47 28 43 47 46 50 38 49 44 7 19 5 25 4 42 34 45 43 35 20 41 25
19021 15 280 49 44 46 23 48 47 45 8 43 31 47 45 37 33 33 6 36 42 42 8 28 31 7 9 44 46 16 40 40 31
19022 15 289 49 36 47 8 45 2 43 50 44 32 48 20 34 30 41 30 19 36 42 46 38 44 40 23 6 38 37 36 46 43
19023 15 283 49 4 47 38 44 41 45 45 42 37 43 40 46 48 48 38 26 49 35 43 22 33 31 34 37 24 41 35 11 3
19024 15 259 49 41 48 7 46 39 47 18 35 38 45 35 43 2 41 13 37 34 34 18 13 29 32 16 14 5 2 31 33 11
19025 15 294 30 7 48 27 46 1 49 39 44 36 43 23 41 36 29 36 42 26 21 8 47 3 33 32 45 8 39 18 32 24
19026 15 304 49 22 48 22 47 20 46 30 40 22 34 14 39 50 37 42 42 19 43 12 44 26 28 44 45 31 41 17 25 9
19027 15 282 49 48 47 31 48 41 39 6 45 37 14 10 32 43 26 35 42 9 24 26 31 36 43 1 38 14 41 48 46 18
19028 15 284 43 8 41 24 45 38 48 15 47 14 24 11 44 9 49 8 39 33 46 35 10 3 42 21 15 12 40 9 36 3
19029 15 284 48 34 49 46 32 27 46 16 47 41 40 16 26 10 43 15 29 8 45 10 23 45 39 16 37 10 30 33 34 21
19030 15 297 37 11 49 5 46 25 48 3 47 42 43 33 41 40 44 28 14 21 31 18 39 44 45 27 28 11 40 12 42 26
19031 15 289 43 6 49 7 33 21 47 28 46 21 31 5 48 12 27 10 41 27 44 18 38 6 26 20 18 6 42 8 45 24
19032 15 288 50 45 17 16 47 20 49 9 48 24 1 30 41 21 46 38 36 9 43 11 45 46 44 44 40 46 31 33 38 31
19033 15 275 49 5 48 40 12 10 16 15 44 30 45 50 46 50 43 23 47 38 40 7 39 44 31 50 14 50 41 42 36 43
19034 15 302 48 50 43 42 49 43 46 7 47 37 33 15 37 8 36 31 38 9 40 6 42 20 32 49 41 48 45 39 27 16
19035 15 287 49 15 46 17 43 20 48 49 44 5 39 28 26 33 47 2 45 50 38 12 34 48 12 47 40 5 36 21 27 49
19036 15 282 47 23 49 14 48 32 44 44 42 29 27 31 35 3 46 1 45 24 33 47 37 31 43 5 38 20 28 35 2 6
19037 15 289 46 45 49 28 47 24 48 2 39 10 26 50 45 12 37 39 34 49 41 23 36 10 17 50 44 13 40 13 30 36
19038 15 264 46 50 49 24 6 42 44 24 35 22 16 18 48 16 26 23 47 38 42 42 45 18 18 7 29 2 41 21 36 25
19039 15 293 44 9 47 45 49 20 45 4 39 19 37 50 48 46 46 8 38 20 14 48 32 1 43 47 42 43 40 17 22 23
19040 15 293 49 11 46 50 48 32 43 50 45 41 33 3 35 37 47 16 39 26 38 27 19 44 41 33 32 8 42 2 30 17
19041 15 302 34 36 49 23 40 38 48 39 43 27 44 42 46 2 45 1 41 8 35 46 47 11 38 1 39 22 36 35 20 47
19042 15 279 48 42 49 43 36 29 47 2 25 1 24 10 43 49 45 16 46 2 16 17 39 13 27 2 37 4 42 9 35 16
19043 15 309 48 11 42 31 47 3 49 42 46 11 45 19 44 11 43 33 31 3 40 45 33 13 41 26 38 25 37 47 35 10
19044 15 291 23 11 46 20 47 35 44 23 42 28 49 22 37 31 18 43 45 26 34 40 48 1 38 23 36 18 41 50 35 18
19045 15 287 44 1 48 48 42 4 49 9 45 46 38 16 36 5 47 2 46 49 43 39 28 42 26 19 2 19 39 32 41 32
19046 15 278 38 9 49 10 45 45 47 38 48 14 20 14 23 12 46 43 43 47 41 13 15 34 42 8 21 4 35 37 44 48
19047 15 299 46 45 49 36 48 18 40 38 39 50 47 48 44 41 33 33 32 15 36 24 29 22 42 46 45 44 26 20 43 45
19048 15 264 25 43 47 31 44 8 23 40 48 3 49 2 45 29 35 25 6 28 29 5 28 3 34 14 37 50 43 10 36 1
19049 15 267 2 12 41 12 48 43 49 7 47 18 45 30 46 25 40 10 22 3 35 24 24 31 43 48 42 47 27 50 23 13
