19000 15 234 48 3 49 29 12 36 19 16 44 42 50 26 21 35 23 28 30 1 42 19 4 40 46 23 45 41 3 19 32 49
19001 15 233 4 36 26 21 25 4 31 11 13 32 48 31 12 21 23 24 40 36 42 14 34 7 43 24 49 45 47 8 29 23
19002 15 259 17 19 46 32 35 23 20 36 45 28 44 38 49 28 42 29 21 49 48 28 31 2 47 20 26 5 43 27 5 3
19003 15 254 24 33 41 4 49 3 39 22 30 38 47 39 46 26 28 48 48 28 21 7 6 30 40 10 29 21 16 21 45 19
19004 15 229 1 3 43 49 7 27 48 16 21 31 49 9 41 2 45 50 27 20 31 45 47 50 9 49 6 47 37 17 46 10
19005 15 212 8 11 47 20 1 25 48 5 9 9 21 13 22 39 34 25 25 50 35 39 46 46 45 19 26 19 13 30 44 46
19006 15 197 4 42 18 23 8 6 49 8 48 13 30 5 24 27 44 40 43 42 37 13 11 32 20 31 5 32 41 17 12 39
19007 15 254 47 2 14 2 49 22 7 36 46 1 48 46 35 15 42 50 36 32 29 46 39 36 18 33 31 21 45 34 23 11
19008 15 240 15 15 45 6 13 18 48 49 47 41 42 42 49 6 8 24 18 38 41 13 9 4 25 12 33 34 44 48 43 45
19009 15 266 48 12 47 14 27 50 32 34 20 36 25 17 46 23 18 29 38 23 42 9 33 49 43 42 39 47 34 1 41 45
19010 15 246 41 44 46 37 40 27 48 12 49 21 20 11 13 44 37 36 43 33 15 41 26 24 16 3 24 4 42 28 32 16
19011 15 243 36 44 47 10 48 26 42 32 17 12 9 36 34 4 49 50 40 47 29 32 44 25 25 46 11 11 20 20 35 6
19012 15 222 46 9 49 44 7 5 25 47 41 48 20 20 36 39 47 7 2 41 44 13 14 11 34 21 17 5 48 5 15 13
19013 15 201 37 36 49 35 6 35 48 15 39 35 30 36 18 30 21 32 7 47 14 1 24 43 27 34 23 19 44 33 16 2
19014 15 266 43 29 24 41 14 31 28 7 45 8 46 32 41 13 44 48 25 3 42 26 47 6 49 22 48 41 36 39 1 6
19015 15 264 20 11 24 39 45 23 39 38 36 39 34 4 12 15 49 41 40 49 47 46 48 7 43 49 33 23 44 33 14 34
19016 15 272 24 23 34 8 47 4 22 28 19 9 46 16 48 32 44 8 38 9 40 13 45 26 33 40 41 9 31 6 32 38
19017 15 255 27 26 13 48 46 16 28 11 41 11 49 34 44 40 21 11 37 10 47 4 35 3 24 19 48 28 7 31 43 34
19018 15 220 24 15 35 31 43 1 34 8 47 35 18 5 33 3 49 4 23 48 30 18 48 39 2 7 31 38 14 12 9 19
19019 15 228 6 30 49 13 48 33 16 23 5 9 46 50 47 7 43 27 18 36 45 21 35 11 21 13 44 22 27 50 7 13
19020 15 263 49 47 47 41 38 36 13 48 26 45 32 30 17 34 45 1 27 34 23 2 46 32 48 43 29 8 44 12 43 49
19021 15 247 43 17 42 26 48 43 3 2 8 30 45 21 44 29 49 32 25 15 2 23 46 21 47 21 30 22 36 27 27 44
19022 15 236 9 9 47 45 42 39 22 16 44 26 17 1 36 11 11 33 48 46 12 16 32 30 46 20 18 44 40 2 49 27
19023 15 288 43 47 46 31 47 8 49 37 33 7 37 4 38 4 39 4 29 46 45 28 34 9 42 50 6 40 48 29 41 9
19024 15 195 39 46 35 6 16 38 2 21 44 3 27 4 6 13 49 15 17 5 48 8 4 43 37 17 1 46 19 8 47 48
19025 15 271 43 38 46 44 45 29 40 6 47 38 49 17 48 48 14 22 7 7 39 46 29 16 24 41 36 31 35 49 41 17
19026 15 256 6 6 47 48 48 15 42 19 32 24 39 45 26 16 14 13 49 3 18 50 44 38 36 47 45 39 31 48 35 36
19027 15 232 40 41 47 1 41 46 28 13 19 20 25 50 21 13 35 7 48 22 49 2 46 22 2 39 5 39 17 32 42 15
19028 15 251 44 30 49 50 43 36 3 26 5 16 42 4 37 42 29 21 20 26 47 9 41 37 48 10 21 43 40 15 33 43
19029 15 291 48 21 44 26 40 12 46 37 43 42 49 26 38 18 15 9 36 46 37 22 35 36 39 22 45 26 21 9 47 44
19030 15 271 48 48 49 32 42 42 13 11 45 34 43 37 23 13 44 25 47 49 38 29 37 31 22 8 29 36 36 25 26 13
19031 15 269 4 29 44 22 32 32 48 34 47 32 49 11 45 36 46 50 43 19 27 37 20 45 35 22 29 15 33 50 36 33
19032 15 267 49 2 45 2 31 44 14 9 48 44 46 18 47 12 39 4 6 22 25 20 40 21 34 13 37 24 38 23 35 13
19033 15 220 48 11 4 21 28 23 27 9 30 45 40 37 20 13 47 41 2 17 16 15 34 31 49 17 45 50 22 14 29 6
19034 15 246 40 37 39 47 48 12 35 13 17 27 43 7 49 2 38 48 42 26 28 8 12 50 18 33 44 12 13 27 26 38
19035 15 247 47 50 49 20 41 8 46 13 44 25 43 33 20 18 6 30 11 30 42 13 7 29 48 16 37 9 25 24 28 14
19036 15 272 44 36 46 23 47 46 29 13 43 46 41 20 48 34 45 11 38 21 42 21 27 23 8 42 35 17 13 1 39 50
19037 15 265 25 29 47 49 40 48 41 34 39 38 48 31 23 8 24 45 44 13 21 41 49 20 35 41 42 47 15 13 37 45
19038 15 219 21 13 13 29 48 26 34 45 35 19 43 9 19 7 11 42 31 1 26 42 27 32 20 24 39 32 23 1 49 24
19039 15 228 47 8 43 26 48 26 26 16 49 17 36 34 5 44 35 35 17 6 9 23 33 19 21 23 30 29 38 40 19 43
19040 15 233 47 31 31 17 3 25 43 31 49 48 6 3 48 17 36 36 14 49 39 14 42 47 45 15 28 37 5 28 30 46
19041 15 239 48 3 10 26 33 35 21 39 40 5 8 24 45 43 42 30 14 1 19 50 37 48 49 17 27 40 47 7 38 39
19042 15 234 49 36 30 10 48 28 44 11 9 30 40 20 1 11 43 18 45 10 29 43 25 21 7 36 47 33 18 17 33 31
19043 15 230 39 49 37 22 49 31 33 3 4 33 48 5 34 45 40 41 10 15 3 9 45 44 19 18 12 28 42 10 46 2
19044 15 217 41 7 49 43 32 16 21 37 31 48 42 10 48 1 20 26 9 26 2 5 27 43 23 5 45 11 40 39 5 18
19045 15 233 39 11 49 49 36 7 40 17 22 33 14 15 16 36 27 45 18 39 28 31 47 11 45 18 7 47 43 33 35 13
19046 15 236 37 22 48 47 13 48 35 40 1 44 5 26 34 34 36 14 46 45 49 7 42 37 23 19 19 44 41 16 44 17
19047 15 202 40 13 48 23 9 33 34 15 38 27 19 6 29 43 47 22 35 29 8 42 7 6 4 36 36 13 49 5 1 43
19048 15 236 49 27 23 3 44 23 42 31 20 15 39 41 48 35 26 19 47 20 45 29 17 38 1 49 34 8 31 10 7 23
19049 15 227 16 11 24 43 41 2 47 47 48 34 49 13 45 21 33 20 38 6 34 32 37 45 5 31 9 24 26 46 3 33
