19000 25 426 44 41 49 13 50 30 47 2 48 7 45 34 43 29 4 28 20 11 39 33 42 47 29 4 10 40 17 30 46 23 37 9 23 9 40 31 28 5 38 15 41 12 34 40 19 41 36 49 24 32
19001 25 410 49 38 45 31 25 32 46 36 48 34 47 35 42 27 41 25 22 44 35 22 33 33 43 33 31 48 6 44 44 27 40 3 39 25 20 29 38 18 1 40 32 17 28 10 13 1 18 33 34 35
19002 25 401 49 39 45 24 48 1 34 36 44 3 47 10 38 49 15 3 46 42 43 44 2 23 25 38 40 23 33 9 31 23 8 6 41 25 42 18 22 7 27 43 35 2 36 8 6 38 14 26 32 9
19003 25 410 47 38 48 46 41 18 46 28 31 19 49 32 24 50 45 36 40 16 42 39 43 32 38 10 27 39 30 41 36 27 19 16 34 2 11 26 32 50 6 40 44 39 39 11 5 17 29 14 14 13
19004 25 439 47 36 28 39 48 24 46 14 49 43 22 2 45 31 42 26 24 28 13 38 41 30 40 29 37 44 38 35 36 49 39 36 44 9 20 3 32 26 43 49 31 50 21 27 29 10 33 39 30 44
19005 25 391 48 4 49 22 42 42 47 26 45 46 44 50 38 2 43 7 37 20 40 7 23 18 46 43 41 43 5 45 20 29 1 26 28 12 6 10 27 18 34 20 39 13 31 18 35 46 4 14 10 41
19006 25 410 49 1 30 10 36 19 43 31 47 37 45 50 48 7 32 9 35 30 42 36 40 37 16 13 44 4 41 17 33 4 46 11 39 35 17 49 24 38 5 48 34 40 11 46 7 43 31 2 25 2
19007 25 408 49 29 36 9 41 11 48 7 42 47 1 13 47 14 46 14 44 7 39 19 33 11 32 9 43 41 45 39 38 3 40 30 24 43 37 1 27 4 22 8 4 8 14 30 35 4 7 9 23 7
19008 25 408 49 11 45 8 41 16 48 10 38 14 19 3 9 15 47 7 46 20 35 36 30 49 36 10 44 5 34 46 42 5 5 14 40 45 43 18 22 43 39 42 28 18 13 5 32 11 14 35 18 25
19009 25 408 49 44 36 4 19 2 46 13 47 11 48 4 25 32 41 43 44 18 45 42 40 37 42 40 43 24 14 21 39 19 28 23 16 20 34 9 27 14 29 42 23 28 24 39 10 35 35 2 13 8
19010 25 427 43 48 48 49 41 6 49 11 44 37 42 8 45 50 36 30 34 7 47 46 37 11 27 8 46 37 33 7 25 48 38 30 17 37 40 5 16 43 32 8 1 24 31 33 24 15 20 15 39 27
19011 25 392 45 1 43 14 49 18 9 42 48 31 41 47 47 44 37 50 46 28 44 37 39 7 40 13 27 36 42 10 23 13 31 21 22 48 12 11 21 47 3 24 2 14 32 3 35 28 30 41 16 40
19012 25 440 49 28 33 21 35 11 38 27 47 19 42 21 40 39 39 20 48 13 23 50 29 29 43 47 46 50 32 19 37 15 44 7 25 4 19 32 45 43 31 22 27 15 41 25 36 42 3 33 28 31
19013 25 410 42 2 39 26 7 9 47 39 44 1 48 35 49 5 16 40 46 43 40 31 33 2 37 33 43 4 45 2 32 27 34 5 29 43 41 4 35 21 38 36 6 38 18 1 2 47 23 47 27 43
19014 25 387 45 24 46 48 49 19 48 4 3 38 37 26 47 3 43 31 35 48 26 49 19 30 44 13 22 33 41 35 40 42 42 7 11 3 36 41 31 46 25 41 13 24 14 5 2 20 23 38 32 12
19015 25 428 49 12 25 29 48 4 45 48 47 30 30 7 46 1 44 33 43 23 42 24 41 31 20 1 40 29 35 1 34 28 29 36 2 4 21 8 33 32 36 48 24 31 39 18 32 24 37 42 14 29
19016 25 419 49 28 45 20 42 19 40 6 46 38 32 18 47 21 37 14 48 38 43 12 12 27 44 26 39 4 41 41 28 44 36 4 35 10 25 9 24 16 14 10 10 8 26 35 21 46 23 5 31 36
19017 25 416 49 42 35 38 48 16 39 6 43 1 38 14 41 48 46 18 13 2 45 38 47 14 19 27 15 1 24 11 44 9 31 13 16 48 10 3 20 35 42 21 40 9 36 3 23 9 32 27 37 44
19018 25 422 45 9 30 27 49 11 14 1 47 8 42 40 43 8 48 38 11 9 7 46 24 3 34 13 23 45 39 16 37 10 46 25 26 35 38 31 29 14 44 21 33 45 41 42 31 18 36 47 28 11
19019 25 423 46 36 40 11 37 2 39 16 45 35 19 36 49 45 48 39 47 43 42 26 43 6 24 1 33 21 31 5 27 10 30 15 35 7 41 27 44 18 1 13 21 8 38 6 26 20 18 6 22 42
19020 25 405 49 28 41 42 47 6 28 29 17 16 46 6 23 8 29 9 38 31 36 35 48 47 45 25 1 30 42 30 39 47 43 11 22 18 44 44 31 3 40 46 8 37 37 22 35 16 9 42 12 10
19021 25 433 49 44 48 22 25 15 44 30 45 50 46 50 47 23 38 46 23 23 30 48 43 24 40 7 39 44 31 50 14 50 41 42 36 32 7 18 37 8 42 20 32 49 26 7 27 16 35 40 22 49
19022 25 400 38 12 45 4 47 27 24 16 48 30 49 10 8 46 12 47 46 18 44 25 40 5 21 26 32 8 39 3 34 42 31 40 36 21 27 49 17 17 10 32 6 4 33 24 37 18 35 3 42 42
19023 25 435 22 20 50 31 46 1 48 10 45 24 49 26 44 18 33 47 37 7 36 21 47 19 27 11 42 33 43 5 35 4 38 20 20 19 28 35 2 6 39 40 41 21 32 50 1 5 40 25 26 50
19024 25 406 47 48 45 15 37 18 49 32 43 33 48 24 34 49 41 23 46 40 36 10 17 50 44 13 40 13 30 36 38 25 33 32 6 42 7 19 35 22 16 18 26 23 42 42 18 7 29 2 5 9
19025 25 400 28 19 49 24 43 7 46 38 48 16 44 21 31 9 45 20 38 29 47 1 39 19 6 16 37 50 32 1 42 48 40 7 22 23 11 32 15 38 21 26 9 36 16 39 33 3 23 41 35 37
19026 25 408 47 16 49 18 48 43 46 50 43 4 19 29 39 26 8 11 38 27 36 24 44 29 45 37 41 33 32 8 42 2 35 37 30 17 34 36 27 46 23 37 11 4 17 8 25 1 14 3 24 10
19027 25 433 43 49 47 14 46 19 49 1 16 17 38 46 48 28 29 20 45 16 42 9 44 14 39 38 41 29 33 19 34 36 30 2 27 23 17 29 15 25 31 3 21 42 20 14 37 33 40 36 35 29
19028 25 431 43 49 48 13 46 24 47 26 42 41 21 13 40 27 36 50 38 15 25 11 37 47 49 20 23 11 30 29 44 23 32 38 18 43 45 26 35 27 34 40 39 2 41 50 17 10 4 33 28 42
19029 25 420 40 34 48 7 47 33 45 36 49 47 5 32 46 12 28 8 35 30 42 28 29 29 2 19 41 24 39 32 44 43 31 27 20 14 23 12 38 8 43 47 21 4 36 47 33 30 24 11 32 15
19030 25 416 49 36 48 47 36 24 47 1 29 22 45 23 35 5 42 46 44 17 40 48 46 23 6 14 43 45 25 43 23 8 41 6 28 3 34 14 37 50 2 12 21 12 38 10 24 31 30 47 19 18
19031 25 444 32 24 45 49 49 3 47 25 41 29 48 40 27 50 17 24 23 13 31 22 44 3 39 50 43 18 30 34 46 21 40 29 21 2 29 3 37 8 35 42 38 44 42 2 36 14 16 11 33 20
19032 25 430 49 10 47 39 33 28 48 2 46 19 45 33 39 3 30 4 43 28 34 35 19 3 21 7 29 5 4 49 36 42 40 2 41 23 14 9 18 25 38 4 31 1 44 19 32 48 37 41 42 36
19033 25 400 25 50 40 26 48 29 49 1 45 43 29 19 36 49 47 44 46 40 44 49 9 1 8 9 35 1 37 3 15 28 41 40 42 9 31 29 33 47 28 8 21 48 38 27 27 38 6 48 20 25
19034 25 389 49 42 47 42 37 19 44 32 6 11 48 36 14 10 45 19 38 22 43 33 31 24 36 28 22 4 18 44 46 13 32 13 16 12 42 48 33 15 28 43 39 2 27 12 5 21 21 16 11 28
19035 25 406 49 8 10 7 38 18 48 33 44 49 42 42 7 25 43 40 45 31 6 7 36 34 46 50 34 49 47 27 35 16 41 10 40 30 37 5 17 49 32 25 39 41 1 3 18 43 28 34 29 1
19036 25 426 31 10 48 11 49 22 28 49 46 47 44 48 45 20 47 46 39 20 21 29 33 44 43 43 34 11 18 41 26 29 35 43 37 17 40 21 38 3 11 48 30 2 5 30 41 10 36 13 27 3
19037 25 421 48 39 26 11 49 32 44 27 47 46 36 32 43 21 31 49 42 1 38 37 46 7 34 35 39 48 45 35 32 18 41 35 30 39 24 42 37 32 23 16 40 14 5 48 22 11 11 35 9 18
19038 25 383 39 31 26 15 11 19 44 20 42 39 49 2 46 8 29 10 48 35 40 31 37 42 41 10 3 2 43 47 6 43 28 4 47 13 9 31 1 47 45 47 34 26 19 33 25 2 31 31 23 49
19039 25 418 49 3 48 31 47 14 26 17 37 13 46 27 43 15 41 13 9 24 27 47 24 35 42 28 10 3 20 4 32 41 44 6 28 23 40 25 23 25 36 27 45 15 35 15 38 31 25 15 22 14
19040 25 395 45 30 49 43 43 16 48 4 20 19 13 33 47 20 37 30 41 37 21 16 1 9 46 8 44 23 38 2 35 48 22 2 16 28 30 34 27 21 23 8 4 47 39 24 42 27 28 48 32 18
19041 25 413 26 19 40 34 49 9 41 8 46 8 48 18 31 21 37 36 33 44 47 17 42 10 44 24 29 22 45 1 2 32 38 13 18 47 16 33 39 5 13 15 23 38 43 5 9 41 32 2 36 6
19042 25 407 45 39 33 17 43 2 44 12 28 8 38 17 49 15 48 13 47 7 46 33 39 47 41 27 42 3 40 38 9 19 34 33 37 14 16 40 1 9 25 4 18 4 12 44 21 31 27 17 32 24
19043 25 413 47 36 26 38 3 18 35 9 31 11 48 24 49 31 46 22 43 41 40 36 34 41 33 48 32 17 42 26 45 34 25 22 29 13 44 23 18 49 41 2 9 44 38 25 30 2 1 47 37 12
19044 25 420 48 6 44 21 49 39 45 25 47 28 42 18 34 29 46 42 39 50 41 27 38 30 18 45 37 45 25 15 2 32 13 21 43 15 27 48 33 35 35 24 26 25 40 27 21 30 28 27 20 35
19045 25 419 35 50 41 4 42 16 48 40 47 28 49 3 17 41 43 6 20 2 28 24 45 5 46 26 40 1 31 23 11 22 36 8 30 12 18 32 22 45 44 15 32 10 12 18 39 26 25 3 37 48
19046 25 431 49 18 48 44 25 6 43 37 47 4 39 9 18 22 46 28 36 21 41 39 45 36 37 17 42 33 44 38 8 7 30 27 35 44 40 13 38 10 33 45 32 3 14 9 15 4 26 50 31 39
19047 25 390 47 25 48 34 37 40 46 36 22 22 49 4 28 4 35 10 40 15 5 34 42 40 24 45 36 27 39 17 45 26 44 33 43 33 11 25 41 20 15 37 21 19 17 28 13 40 7 37 26 27
19048 25 403 49 40 45 14 48 27 29 25 34 1 47 31 39 17 46 29 41 29 36 27 9 29 44 13 43 44 2 4 42 32 30 26 14 31 38 42 37 38 40 2 22 5 32 49 19 27 7 14 13 28
19049 25 427 49 35 47 22 48 50 46 36 24 27 45 33 40 43 38 14 33 37 44 18 34 41 42 6 36 18 43 2 35 15 27 16 41 3 18 41 37 28 20 40 32 28 39 7 4 41 26 17 6 32
