19000 25 413 44 41 49 13 50 30 47 33 4 28 39 33 29 4 10 40 48 48 37 9 45 32 23 9 40 31 15 13 46 12 38 15 41 12 19 41 42 8 43 49 22 44 35 22 33 33 7 19 20 29
19001 25 408 48 12 49 49 25 11 35 23 46 21 1 40 47 45 32 17 38 19 45 15 33 34 43 5 42 41 44 11 41 35 6 16 18 33 31 15 27 48 40 16 8 6 34 26 36 9 37 1 11 26
19002 25 410 46 20 48 5 6 40 47 15 39 11 49 27 24 7 45 27 43 27 14 13 28 39 40 29 25 4 38 35 37 9 31 50 21 27 29 10 41 8 44 28 42 40 15 17 33 39 30 8 5 45
19003 25 429 49 37 48 40 46 24 3 18 37 43 47 5 28 12 42 15 38 18 45 14 34 1 27 18 40 7 43 35 39 13 31 18 35 46 41 36 36 19 16 12 29 27 17 49 24 38 33 28 30 17
19004 25 403 48 1 49 45 45 13 47 3 43 20 11 46 30 13 44 3 7 43 46 35 32 29 42 24 36 9 41 11 39 19 33 11 37 1 27 4 4 8 14 30 40 14 19 3 9 15 26 31 38 3
19005 25 413 49 38 35 21 36 24 41 45 46 37 47 8 48 30 42 5 45 39 5 14 40 45 43 18 39 42 38 37 44 26 34 21 13 5 14 50 18 25 33 32 28 23 30 19 19 23 24 39 16 45
19006 25 395 49 11 48 46 47 15 44 37 45 50 36 30 43 21 33 7 46 31 25 48 37 24 17 37 41 35 40 5 16 43 42 33 32 8 21 6 31 17 19 15 38 14 12 11 23 2 3 24 2 14
19007 25 439 48 48 49 11 47 20 46 1 35 28 33 21 39 35 40 39 23 50 29 29 43 47 44 7 25 4 45 43 41 25 37 33 36 42 28 31 42 2 7 9 16 40 21 15 32 27 34 30 38 36
19008 25 401 47 43 40 23 48 40 41 38 6 38 49 10 37 36 45 42 43 17 38 36 42 21 44 16 46 43 26 49 35 43 31 34 11 3 27 7 22 40 13 29 34 12 14 5 2 31 32 12 30 7
19009 25 438 48 27 46 1 49 39 44 36 43 23 41 36 29 36 42 26 21 8 47 3 33 32 45 8 39 18 32 24 36 10 40 22 34 14 37 14 28 44 25 9 14 10 26 35 23 5 24 26 31 36
19010 25 419 49 42 48 16 43 1 38 14 41 48 46 18 45 38 47 14 24 11 44 9 39 33 10 3 42 21 15 12 40 9 36 3 32 27 30 27 26 10 7 50 29 8 23 45 37 10 34 21 14 21
19011 25 422 41 42 49 33 33 35 47 49 31 18 48 45 39 44 45 27 28 11 46 36 42 26 43 6 27 10 35 7 40 39 44 18 21 8 38 6 26 20 18 6 22 42 37 6 1 30 36 6 8 37
19012 25 432 49 49 38 31 45 38 48 40 12 10 44 30 46 50 43 23 47 38 40 7 39 44 31 50 14 50 41 42 36 43 37 8 42 20 32 49 27 16 26 33 34 48 24 4 35 3 33 47 2 6
19013 25 424 46 45 49 28 47 24 48 2 39 10 26 50 45 12 37 39 34 49 41 23 36 10 17 50 44 13 40 13 30 36 38 25 33 32 6 42 16 18 42 42 18 7 29 2 31 15 43 3 14 48
19014 25 435 48 3 49 44 39 10 45 1 42 48 47 16 43 23 30 2 44 24 40 17 22 23 46 44 33 3 35 37 38 27 36 24 19 44 41 33 32 8 34 36 23 37 20 47 25 1 24 10 16 17
19015 25 449 50 23 42 41 39 13 43 17 49 6 48 14 46 20 37 17 47 23 45 16 35 16 41 29 44 11 40 45 33 13 17 27 38 25 23 11 30 29 18 43 36 18 24 25 28 42 26 19 20 14
19016 25 429 49 48 48 16 23 12 46 43 38 8 43 47 45 9 41 13 15 34 42 8 21 4 47 45 35 37 44 48 39 50 33 33 32 15 36 24 29 22 26 20 25 43 28 3 34 14 37 50 2 12
19017 25 427 49 40 41 12 48 43 45 30 47 42 42 15 46 25 40 10 22 3 35 24 24 31 43 48 27 50 23 13 28 40 39 50 20 39 44 8 31 27 37 8 38 44 29 13 33 20 4 12 19 3
19018 25 440 49 42 43 25 47 43 45 43 21 7 48 19 44 2 46 49 36 42 41 23 33 33 38 4 34 19 31 1 32 48 37 41 39 19 25 50 29 19 9 1 8 9 35 1 40 29 42 9 28 8
19019 25 413 47 47 43 23 48 36 49 42 45 19 42 17 27 38 46 30 39 14 6 11 14 10 18 44 44 46 36 35 31 23 37 7 32 25 11 28 10 35 30 34 40 49 38 6 41 10 17 49 35 15
19020 25 444 48 18 49 42 44 12 45 10 41 49 37 31 46 34 18 45 39 21 13 31 47 10 43 48 29 1 28 49 33 44 34 11 40 21 38 3 36 37 26 11 42 1 32 18 27 25 30 39 24 42
19021 25 406 49 20 37 32 47 18 48 26 45 15 44 49 46 28 43 17 22 11 40 32 36 36 26 14 11 35 9 18 29 10 25 31 41 10 6 43 34 26 31 31 39 35 19 25 42 3 24 35 20 4
19022 25 445 49 29 43 10 32 41 48 44 44 8 46 8 36 22 42 22 47 34 40 25 37 6 45 5 24 16 41 46 38 31 25 15 30 43 35 48 16 28 39 30 28 48 31 21 29 22 27 8 18 47
19023 25 417 49 37 41 9 46 31 43 23 45 50 48 6 34 47 9 41 39 46 47 23 40 25 27 17 31 2 32 4 42 42 36 6 44 12 28 8 38 46 37 48 16 40 1 9 33 20 26 38 3 18
19024 25 398 47 50 35 9 48 4 49 31 43 41 11 39 46 15 44 22 15 26 41 7 34 2 25 22 45 45 29 13 42 38 9 44 38 25 39 11 18 45 40 27 2 5 28 27 17 41 20 2 31 23
19025 25 424 49 3 46 34 48 48 45 38 47 41 11 22 40 8 18 32 30 42 32 10 39 26 44 17 25 3 36 21 37 17 42 33 41 9 38 10 15 4 28 4 5 34 43 33 34 30 21 19 35 37
19026 25 396 49 42 17 28 40 34 45 33 46 16 47 10 44 45 29 45 48 20 38 22 41 29 9 29 2 4 39 37 42 32 30 26 14 31 22 5 32 49 26 18 36 39 19 27 34 14 37 15 7 14
19027 25 427 44 35 49 16 46 8 47 2 39 47 13 28 45 41 43 17 48 50 38 14 42 6 35 15 24 8 27 16 34 32 23 5 41 3 40 4 37 28 20 40 36 19 4 41 26 17 33 36 21 24
19028 25 413 44 19 48 6 46 32 47 16 49 18 32 3 42 3 31 47 45 6 39 22 25 26 26 25 34 50 24 24 30 50 3 9 43 19 41 50 13 28 21 47 40 43 10 40 19 38 36 39 38 47
19029 25 441 49 36 48 35 38 43 21 11 41 39 46 21 43 17 39 4 47 32 44 46 42 20 28 2 40 32 35 43 18 41 30 22 45 3 8 29 37 46 36 16 32 50 31 41 34 30 23 40 27 9
19030 25 427 49 42 46 4 12 3 41 45 43 11 47 46 36 13 42 7 48 50 44 28 45 12 26 9 40 25 30 43 35 22 39 41 34 1 3 39 33 30 38 45 23 40 13 38 32 23 31 27 25 48
19031 25 430 29 4 49 9 48 26 45 32 38 18 39 41 35 16 47 29 42 11 46 3 34 34 44 11 21 50 24 12 37 50 41 29 43 40 40 24 30 29 33 20 36 15 26 36 17 7 13 4 3 35
19032 25 409 16 38 42 7 49 13 40 34 48 45 47 33 45 45 26 46 39 35 46 35 43 24 44 37 37 35 35 38 1 42 20 18 14 41 24 35 13 1 36 44 34 36 9 44 38 34 32 44 41 42
19033 25 446 39 29 47 37 43 14 48 5 42 11 41 28 37 43 44 1 49 31 35 7 45 5 46 7 30 12 32 17 29 8 40 49 36 39 20 14 34 22 28 34 33 11 21 5 12 12 38 44 24 49
19034 25 423 48 15 49 46 46 27 35 7 31 9 45 38 47 8 41 5 44 11 32 7 43 46 40 42 37 49 13 12 14 47 42 8 36 20 33 12 23 27 27 13 39 38 34 3 5 36 25 40 17 45
19035 25 415 49 32 44 7 4 11 29 39 48 50 36 39 33 10 47 47 25 8 46 35 35 37 45 23 1 28 31 33 41 47 39 26 14 10 37 23 16 13 34 20 42 45 40 45 43 41 23 11 28 16
19036 25 421 49 42 46 19 48 50 44 29 47 21 34 13 45 2 39 46 25 15 43 21 27 27 38 9 28 22 40 16 16 45 35 44 42 24 23 32 37 43 31 19 2 27 12 44 20 15 30 42 41 2
19037 25 394 49 13 47 41 1 5 46 32 48 20 41 32 45 4 32 12 33 27 36 37 44 39 35 27 28 11 16 36 42 5 23 4 37 10 5 46 17 40 15 47 31 9 39 4 22 31 13 17 43 31
19038 25 415 46 27 48 2 49 18 34 41 33 12 47 42 43 2 37 20 16 30 44 41 41 46 40 12 39 48 31 19 45 24 17 37 11 6 1 23 42 20 18 46 22 17 25 39 38 9 36 8 28 34
19039 25 431 30 23 48 25 47 33 49 5 38 46 24 28 44 5 34 6 35 19 46 50 41 9 43 39 32 37 42 26 21 20 9 16 45 16 33 27 37 14 40 6 19 38 17 31 23 35 39 45 27 28
19040 25 400 49 14 48 13 39 16 47 45 37 11 43 34 38 5 40 11 45 45 27 48 46 48 30 1 15 39 42 4 44 22 20 10 33 14 41 2 2 24 25 11 36 17 6 29 8 33 14 38 26 44
19041 25 415 37 12 49 17 48 39 43 19 47 25 34 23 45 13 26 12 21 19 46 50 28 17 44 43 17 36 39 12 27 4 29 11 20 23 33 28 36 32 41 16 38 23 12 43 24 6 31 29 16 39
19042 25 417 42 39 44 23 47 47 49 40 48 9 46 26 45 37 43 3 41 39 12 40 32 20 39 4 35 42 25 18 29 11 30 45 8 44 28 48 37 12 24 4 38 19 13 2 6 49 40 23 33 9
19043 25 393 49 29 24 42 48 6 46 26 45 24 43 44 47 34 42 37 44 22 35 45 32 35 40 12 39 39 2 27 1 33 36 48 23 30 29 47 22 24 17 46 37 32 26 34 5 18 41 34 13 22
19044 25 422 49 44 46 9 38 43 45 26 42 17 43 38 48 39 47 41 41 24 23 29 25 28 18 18 39 19 26 29 28 35 44 5 8 6 40 45 32 50 37 9 33 49 35 40 19 13 17 10 21 42
19045 25 433 49 40 47 43 41 41 44 19 28 35 42 32 39 29 34 7 48 16 25 23 46 46 24 5 43 47 35 39 38 34 30 39 26 25 45 32 37 50 22 35 6 33 36 40 40 19 11 15 31 6
19046 25 421 47 45 48 24 44 15 49 22 46 41 45 31 43 28 14 24 22 44 32 23 29 25 42 43 12 28 41 49 25 8 36 45 9 16 33 22 37 6 38 37 39 3 28 28 24 42 19 36 40 1
19047 25 439 49 50 47 43 48 45 46 17 44 41 41 7 45 7 36 39 43 22 26 14 29 47 22 26 42 7 25 19 39 28 28 31 30 20 11 6 38 20 21 32 33 28 24 10 40 31 34 28 37 35
19048 25 416 41 31 47 5 49 10 46 32 35 35 27 12 48 18 37 24 43 13 33 44 44 18 3 49 45 37 31 17 28 4 40 15 24 34 7 45 30 47 13 4 20 15 42 3 29 10 36 36 34 45
19049 25 417 39 36 48 16 46 10 31 19 36 9 49 45 45 35 41 37 47 3 30 1 43 6 38 11 19 32 42 28 18 23 12 21 28 47 44 17 34 5 33 30 16 24 26 35 8 11 22 24 40 10
