19000 15 257 12 36 44 42 50 26 23 28 49 43 45 41 32 49 4 36 47 18 48 31 40 36 34 7 35 23 21 49 31 2
19001 15 284 33 29 38 46 49 3 47 39 46 26 48 28 39 35 29 21 30 8 27 12 43 49 45 50 20 1 31 45 44 28
19002 15 250 47 14 48 46 27 2 8 11 43 41 15 26 22 39 25 50 46 46 49 17 44 46 4 42 39 34 42 21 41 29
19003 15 270 47 45 49 31 31 21 37 9 45 34 46 1 48 49 33 25 8 24 41 13 44 48 27 50 32 34 28 24 25 17
19004 15 293 46 23 42 9 33 49 41 9 48 48 13 44 43 33 49 33 44 7 47 10 36 4 40 47 34 17 45 40 25 47
19005 15 257 46 16 36 40 47 17 49 30 48 46 6 35 30 36 24 43 27 34 37 34 39 49 40 13 14 31 28 7 43 11
19006 15 263 46 26 41 13 44 48 47 6 26 42 49 22 48 41 36 39 24 39 12 15 43 49 40 30 45 25 11 21 14 34
19007 15 260 46 16 49 16 40 13 33 40 48 45 28 11 21 11 37 10 47 4 24 15 43 25 30 18 14 12 16 23 45 30
19008 15 272 49 47 47 41 38 36 13 48 45 17 17 34 32 48 29 8 44 12 43 17 48 43 46 21 30 22 41 27 22 16
19009 15 287 27 22 36 11 49 30 44 46 32 48 47 48 46 14 38 4 45 28 34 9 42 50 48 29 43 6 37 22 7 25
19010 15 258 27 4 22 16 17 5 48 8 37 17 49 15 44 3 19 8 46 44 45 29 40 6 47 38 1 46 31 13 43 34
19011 15 262 35 49 17 50 48 15 11 22 39 45 49 3 46 31 45 39 31 48 47 1 41 46 19 20 25 50 28 24 43 48
19012 15 274 44 30 49 50 42 4 46 29 48 10 43 2 20 43 38 18 15 9 40 24 37 22 35 36 45 26 17 39 30 21
19013 15 244 45 34 43 38 44 8 25 32 47 49 49 45 42 35 37 31 41 23 18 45 16 4 11 22 46 50 4 46 20 45
19014 15 285 46 24 29 15 49 2 14 9 48 44 47 7 45 2 34 4 40 37 35 22 28 18 38 48 33 28 43 3 42 15
19015 15 283 49 7 41 8 46 13 48 16 37 9 19 40 38 34 47 28 43 46 44 35 45 11 8 42 35 17 42 39 24 45
19016 15 259 25 1 48 49 44 13 49 20 35 41 45 28 43 9 20 24 22 34 23 1 47 8 36 34 21 23 46 44 15 32
19017 15 274 48 17 47 11 44 39 49 45 28 37 30 46 31 13 8 24 42 30 35 27 37 48 27 40 40 40 38 39 45 8
19018 15 268 30 10 48 28 43 18 10 16 25 21 36 9 47 33 7 39 41 4 34 45 40 41 45 44 39 10 42 10 49 43
19019 15 225 48 1 2 5 45 11 5 18 39 11 49 50 46 49 35 1 47 11 4 33 13 48 34 34 23 19 19 44 41 16
19020 15 261 48 23 38 27 26 45 43 19 47 22 11 15 49 5 32 10 36 23 42 31 45 29 34 8 20 3 27 28 24 43
19021 15 286 48 34 49 13 47 17 46 13 37 43 39 27 29 20 15 32 44 24 35 5 41 27 38 48 40 16 45 36 20 43
19022 15 276 33 26 48 47 35 14 45 34 1 37 27 1 29 8 43 1 42 32 40 42 37 40 46 31 44 24 47 12 36 21
19023 15 273 32 19 49 4 18 34 40 28 45 47 44 48 47 25 46 50 25 33 42 40 31 7 20 36 38 12 21 38 48 16
19024 15 267 49 21 47 22 40 38 44 1 10 36 37 21 30 43 46 20 48 13 27 17 42 49 34 19 31 49 45 43 5 34
19025 15 269 46 45 42 35 41 9 39 36 45 2 13 26 23 7 6 24 29 14 48 7 47 10 44 41 36 25 49 13 31 37
19026 15 238 47 11 49 41 9 40 24 19 4 16 46 44 39 25 48 3 45 39 10 19 40 29 29 33 37 42 6 7 43 2
19027 15 244 49 16 47 48 14 26 39 14 24 6 15 42 41 2 29 2 5 2 48 21 36 44 10 26 44 17 45 22 42 41
19028 15 269 42 18 38 32 45 4 48 14 46 32 31 47 49 29 22 50 32 44 12 20 35 38 33 10 47 6 36 38 23 20
19029 15 240 17 30 48 11 49 14 46 35 38 37 47 16 42 3 8 30 37 36 6 16 32 11 30 50 41 13 4 37 36 15
19030 15 216 49 23 23 31 34 37 48 49 4 15 28 30 42 37 19 42 22 43 45 48 47 7 11 25 43 17 14 31 3 48
19031 15 248 36 30 45 7 17 15 48 4 23 5 20 30 44 37 8 39 35 36 31 47 49 34 38 5 40 7 22 15 41 4
19032 15 281 49 23 45 4 41 2 7 12 46 13 44 25 36 40 32 27 47 32 37 48 42 6 48 30 16 15 40 14 33 37
19033 15 238 44 13 10 14 49 17 36 20 47 50 48 27 45 20 35 18 24 48 43 34 14 28 2 50 41 29 1 20 37 32
19034 15 265 48 2 45 48 49 36 46 25 14 29 34 16 42 48 32 3 36 34 29 33 47 31 38 41 28 10 12 4 31 18
19035 15 296 14 2 34 47 38 28 32 7 39 33 47 20 36 37 49 46 48 30 37 23 46 10 44 48 42 4 45 27 41 7
19036 15 249 43 5 10 1 49 10 44 12 7 26 34 3 38 10 20 17 48 30 35 35 26 48 39 28 46 39 18 26 41 17
19037 15 269 18 28 46 34 48 36 7 14 42 9 38 35 49 9 36 23 22 30 28 43 39 1 43 36 47 46 30 34 45 29
19038 15 250 48 38 12 22 49 45 46 16 47 16 23 43 37 5 15 25 34 26 40 14 29 49 31 37 36 24 22 39 32 33
19039 15 239 49 6 29 4 34 3 46 31 16 36 48 10 12 13 24 22 45 16 9 12 33 15 23 33 39 4 28 33 43 44
19040 15 264 49 50 44 43 45 11 14 38 8 12 36 26 47 39 43 43 40 28 48 11 5 47 25 43 37 11 42 10 46 36
19041 15 268 36 40 41 20 49 17 16 28 33 20 48 40 46 31 45 12 44 36 39 50 22 47 47 33 18 28 42 17 10 47
19042 15 278 49 27 44 4 39 42 29 6 32 20 40 48 48 46 45 44 42 44 24 22 28 11 46 20 33 24 10 22 47 9
19043 15 272 32 17 48 22 49 20 46 18 47 22 33 11 24 23 30 12 45 47 29 22 41 10 8 21 39 23 37 5 36 20
19044 15 247 28 44 30 38 49 7 35 7 29 1 45 6 32 30 36 47 26 37 19 40 46 33 21 44 39 29 15 4 44 36
19045 15 237 32 39 45 45 48 2 44 35 17 21 49 26 20 1 43 22 8 43 37 7 46 24 26 29 2 31 10 17 47 46
19046 15 255 48 50 49 16 45 30 11 45 32 12 39 3 46 44 8 49 3 45 47 45 40 17 35 33 42 24 43 2 22 26
19047 15 269 19 17 48 22 33 36 49 40 28 25 47 24 37 15 45 50 34 13 43 16 46 37 25 14 27 44 18 44 40 33
19048 15 290 49 37 39 22 25 9 46 39 47 25 45 20 37 38 42 42 48 8 33 39 32 11 44 38 41 49 22 20 31 41
19049 15 268 46 23 43 42 47 10 49 36 44 18 48 18 37 24 38 50 16 8 34 17 40 28 11 18 10 19 45 36 29 17
