19000 30 478 44 41 49 13 50 30 47 33 45 34 43 29 4 28 39 33 29 4 10 40 48 48 17 30 46 23 37 9 23 9 40 31 38 15 42 2 41 12 19 41 25 32 27 45 22 44 24 34 35 22 33 33 7 19 21 50 31 48 20 29
19001 30 461 48 12 49 49 25 11 35 23 38 18 46 21 1 40 47 45 32 17 41 19 45 15 33 34 43 5 42 41 44 11 13 1 6 16 18 33 31 15 27 48 15 3 37 30 40 16 8 6 34 26 24 50 36 9 30 41 11 26 23 17
19002 30 468 47 31 49 27 48 23 45 27 5 17 11 45 43 27 46 4 14 13 27 12 28 39 24 28 13 38 15 46 40 29 25 4 42 43 38 35 39 31 37 9 36 49 32 26 31 50 29 10 41 8 44 28 33 39 30 44 6 41 18 8
19003 30 484 49 32 48 42 47 14 46 42 36 33 42 11 5 45 40 16 20 29 43 29 1 26 37 43 28 12 38 18 45 14 34 1 27 18 41 28 39 13 31 18 35 46 22 30 32 9 16 12 19 39 33 4 17 49 24 38 44 14 30 17
19004 30 472 48 1 49 45 45 13 47 3 43 20 11 46 30 13 44 3 7 43 46 35 32 29 33 10 42 24 25 2 36 9 41 11 20 14 39 19 35 22 38 3 24 43 37 1 27 4 4 8 14 30 40 14 34 37 19 3 9 15 26 31
19005 30 478 34 7 47 44 44 35 49 43 35 36 30 49 48 24 46 19 36 24 41 45 42 22 45 39 5 14 40 45 38 38 43 18 39 42 13 5 14 50 18 25 33 32 28 23 27 14 19 23 24 39 16 45 23 4 37 11 25 48 17 37
19006 30 448 43 18 41 35 49 41 46 32 48 29 38 42 47 40 44 43 45 34 40 14 42 33 32 8 1 24 21 6 24 15 37 44 33 41 35 24 3 38 26 9 31 17 19 15 14 33 22 48 12 11 30 44 2 14 9 43 39 35 23 50
19007 30 479 40 45 47 28 43 47 49 36 46 50 34 44 38 49 48 11 44 7 19 5 35 33 25 4 42 34 30 27 39 43 41 25 45 10 37 33 33 6 36 42 3 35 28 31 7 9 16 40 21 15 32 27 29 43 6 38 18 45 27 43
19008 30 478 45 24 46 48 49 19 48 38 47 3 43 31 26 49 19 30 44 13 35 43 22 33 37 24 41 35 40 42 42 7 11 3 36 41 31 46 13 24 34 12 14 5 2 31 32 12 30 7 29 36 20 10 33 32 24 31 39 18 25 49
19009 30 470 40 22 47 28 46 28 34 14 39 50 37 42 49 31 48 3 2 38 42 19 43 12 44 26 28 44 45 31 36 4 41 17 25 9 9 22 24 16 14 10 32 43 26 35 23 5 21 44 31 36 38 14 13 2 10 3 20 35 33 48
19010 30 494 49 15 42 21 45 34 48 5 47 10 30 40 7 47 41 43 15 45 44 32 40 9 19 28 32 27 43 14 46 16 14 1 11 9 26 10 34 13 29 8 23 45 39 16 37 10 38 31 33 45 31 18 28 11 27 10 35 7 36 31
19011 30 459 49 21 48 19 40 27 46 45 45 9 21 8 26 20 18 6 44 29 42 7 43 29 47 6 22 42 41 42 28 29 17 16 37 6 29 9 1 30 31 3 8 37 38 31 35 16 36 44 12 10 16 15 23 23 30 48 39 44 6 23
19012 30 491 31 50 49 28 43 38 47 44 36 43 44 41 40 19 33 15 48 4 46 30 38 9 32 49 41 48 45 39 27 16 39 30 26 33 22 49 24 16 42 45 34 48 12 47 17 17 37 18 35 3 28 35 2 6 29 3 30 36 6 42
19013 30 482 44 24 49 26 35 22 48 33 16 18 26 23 47 38 42 42 45 18 34 13 18 7 37 9 29 2 46 17 40 1 43 3 39 19 15 3 36 37 38 20 14 48 32 1 30 2 28 14 22 23 11 32 33 3 8 11 19 44 41 33
19014 30 496 32 8 49 5 47 2 42 12 48 17 23 27 45 7 46 48 16 25 34 36 40 38 43 27 44 42 41 8 35 46 38 1 39 24 27 44 36 35 20 47 25 1 14 3 24 10 7 26 29 20 33 19 30 2 17 29 31 3 37 47
19015 30 483 39 34 49 20 23 11 44 45 47 35 37 31 18 43 45 26 34 40 48 1 38 23 46 8 40 45 36 18 41 50 17 10 42 40 35 18 43 39 28 42 26 19 2 19 31 27 20 14 33 33 29 22 6 14 25 43 21 12 24 31
19016 30 484 49 44 42 36 46 21 48 12 47 37 17 13 19 18 23 13 9 23 44 27 31 22 39 50 43 18 45 26 30 34 40 29 33 9 29 3 35 42 38 44 27 9 16 11 28 41 4 12 34 35 21 7 41 46 36 42 37 47 18 25
19017 30 461 34 19 38 17 49 5 40 19 48 34 47 44 41 15 46 11 31 45 44 19 32 48 43 13 21 21 37 41 39 19 25 50 29 19 36 49 9 1 8 9 15 28 45 39 42 9 28 8 27 38 6 11 12 3 18 44 16 12 17 29
19018 30 469 47 23 21 9 48 4 49 30 28 15 44 40 46 23 37 7 11 30 45 7 32 25 41 35 36 16 43 43 31 20 38 18 10 35 30 34 40 49 42 42 7 25 6 7 35 16 17 47 39 21 29 1 23 32 33 44 26 29 5 30
19019 30 481 48 26 49 7 43 2 47 28 38 13 44 44 46 24 36 37 26 11 42 1 39 48 45 35 32 18 41 35 30 39 24 42 37 32 23 16 40 14 22 11 11 35 9 18 29 10 25 31 6 43 34 26 31 31 19 25 27 47 20 4
19020 30 488 38 7 49 29 43 10 32 41 48 44 44 8 46 8 47 45 42 22 40 25 37 6 23 25 36 27 45 5 24 16 41 25 35 40 25 15 30 43 27 41 39 38 22 2 16 28 26 8 28 48 31 21 29 22 2 32 18 47 13 15
19021 30 477 48 38 45 50 49 35 9 41 39 46 47 23 41 37 44 41 32 2 40 44 46 12 42 7 27 17 43 4 31 2 36 6 28 8 38 33 34 33 37 48 16 40 1 9 25 4 33 20 26 38 3 18 18 11 35 15 11 39 30 48
19022 30 462 49 5 47 3 48 23 15 26 41 7 42 26 44 11 35 23 25 22 45 45 29 13 43 15 46 13 9 44 38 25 30 14 26 12 1 47 39 11 34 2 18 45 37 45 27 21 19 42 40 27 2 5 28 27 17 41 20 2 31 23
19023 30 478 49 3 46 34 45 28 48 48 47 41 11 22 40 8 18 32 30 42 32 10 12 18 39 26 25 3 37 48 36 21 41 39 44 40 42 33 38 10 15 4 33 12 22 22 28 4 35 10 5 34 24 45 34 39 43 23 21 19 17 28
19024 30 470 40 34 48 31 46 16 43 28 49 15 42 41 44 45 47 46 30 38 41 29 36 27 38 46 2 4 9 1 14 31 34 32 39 38 29 11 22 5 45 28 32 49 26 18 19 27 37 15 7 14 13 28 35 13 24 8 27 16 23 5
19025 30 459 49 8 47 39 43 14 42 15 48 36 40 4 35 44 37 28 24 9 20 17 34 20 39 7 38 35 36 19 4 41 44 8 26 17 46 5 41 50 45 40 33 36 10 11 21 24 12 8 32 3 2 16 25 26 30 50 3 9 13 28
19026 30 470 49 21 48 11 38 49 44 40 34 2 46 31 21 47 47 35 45 44 33 33 37 22 10 40 36 33 32 44 19 38 43 34 42 17 29 6 25 6 3 34 40 24 9 48 41 39 39 4 18 20 28 45 35 43 30 22 8 29 11 36
19027 30 471 45 28 47 23 31 41 43 11 42 19 30 19 49 1 46 32 34 30 48 29 41 10 23 40 44 5 39 14 27 9 36 40 26 9 40 25 13 12 25 42 18 30 35 22 3 39 38 45 16 16 32 23 21 47 22 44 4 37 24 12
19028 30 447 49 40 48 24 37 50 42 44 47 11 38 37 46 25 41 29 43 40 28 30 40 24 23 1 33 20 45 4 39 17 34 18 13 8 36 15 26 36 44 11 17 7 35 23 29 1 3 35 5 46 8 1 25 50 9 6 1 42 11 27
19029 30 445 49 48 44 31 48 18 29 44 20 18 14 41 39 7 47 47 46 40 24 35 12 1 13 1 45 45 30 8 35 40 3 14 16 25 34 36 43 20 23 21 9 44 41 7 27 48 38 34 25 1 7 1 42 31 32 44 18 43 37 4
19030 30 469 32 26 42 11 48 29 37 43 41 44 35 7 19 14 49 13 47 5 44 47 31 4 45 5 9 20 46 2 39 12 43 18 30 12 29 8 40 37 3 24 36 39 1 49 20 4 6 10 34 22 28 34 33 11 21 5 12 12 38 44
19031 30 451 24 49 48 15 49 46 32 47 44 15 47 20 41 29 31 9 37 29 19 11 43 12 40 5 10 18 46 45 45 33 1 14 11 45 8 8 13 12 14 47 42 8 36 20 21 40 33 12 23 27 6 41 39 35 38 50 34 4 27 13
19032 30 428 49 39 39 38 47 1 43 12 46 20 44 8 34 3 48 31 41 35 45 42 5 36 40 25 17 45 4 11 12 48 11 28 29 39 33 10 37 42 25 8 35 37 9 3 1 28 3 7 16 3 42 37 14 10 36 5 23 11 28 16
19033 30 464 49 42 46 19 48 50 44 29 47 21 34 13 45 2 39 46 25 15 43 21 27 27 38 9 28 22 23 41 40 16 16 45 35 44 42 24 33 17 37 43 31 19 2 27 32 6 12 44 10 14 20 15 30 42 41 2 1 5 11 36
19034 30 484 32 12 49 7 48 10 47 13 33 27 44 43 37 12 45 22 46 29 6 20 36 25 35 4 28 11 16 36 21 45 41 9 42 5 23 4 30 17 5 46 15 47 31 9 39 4 22 31 13 17 43 31 34 41 29 26 38 46 40 12
19035 30 472 47 27 49 48 39 48 48 44 42 14 31 19 45 24 46 23 17 37 37 35 44 25 40 34 11 6 1 23 41 30 18 46 34 42 22 17 32 15 25 39 38 9 36 8 28 34 26 42 24 28 20 32 43 40 23 23 33 47 4 48
19036 30 477 49 18 47 42 30 38 46 44 48 47 39 49 44 33 34 49 43 28 32 37 45 2 33 36 21 20 27 50 23 10 9 16 28 12 41 49 37 14 15 40 38 17 42 23 40 6 19 38 12 1 2 47 31 6 25 23 20 10 35 45
19037 30 462 45 17 44 19 30 19 41 2 49 2 48 23 47 11 2 24 43 9 25 11 40 33 36 17 46 16 6 29 18 38 39 28 19 8 14 38 42 5 37 12 27 35 21 19 28 17 17 36 34 46 20 23 33 28 38 23 12 43 24 6
19038 30 473 48 38 39 27 49 15 47 8 28 34 45 28 46 2 16 39 44 23 18 2 43 3 41 39 40 45 12 40 34 46 32 20 42 27 35 42 25 18 29 11 30 45 8 44 24 14 37 12 38 19 13 2 31 8 6 49 14 26 33 9
19039 30 457 49 29 24 42 48 6 46 26 45 24 38 23 43 44 42 35 47 3 25 45 14 40 44 17 35 45 6 42 22 31 40 27 39 39 41 6 36 8 33 46 11 9 17 18 1 33 16 3 21 2 37 17 15 32 23 30 28 27 29 47
19040 30 458 22 24 48 10 49 45 39 8 46 15 47 22 17 46 43 44 42 23 40 4 37 10 44 17 24 49 26 34 28 9 5 18 45 41 41 34 13 22 38 43 4 18 25 28 18 18 27 48 32 8 8 6 33 49 35 40 7 13 34 42
19041 30 485 46 11 49 11 48 28 12 14 37 41 43 16 47 15 44 27 45 25 19 13 42 11 34 24 21 42 41 41 39 29 25 23 24 5 17 49 35 39 38 34 28 1 30 39 26 25 32 45 22 19 6 33 36 40 40 19 33 11 11 15
19042 30 473 49 3 48 21 45 23 26 33 36 33 42 41 31 6 47 45 41 26 44 15 40 35 46 41 5 19 25 11 38 45 17 12 43 28 22 44 33 3 32 23 37 27 12 28 39 21 9 16 21 36 34 26 28 28 35 36 14 29 8 26
19043 30 485 48 2 37 20 47 31 39 1 49 16 42 3 38 48 46 17 44 3 32 6 15 23 19 36 34 40 40 1 23 31 26 27 45 37 11 34 27 10 41 7 43 22 24 25 22 26 4 46 31 48 28 31 33 34 17 36 30 20 36 25
19044 30 476 49 41 48 13 47 18 3 21 38 20 43 17 45 45 44 3 21 32 41 49 46 8 33 28 36 35 42 13 30 2 24 10 40 31 20 38 34 28 7 27 26 30 31 28 37 35 35 35 18 47 39 48 27 12 28 34 8 11 13 15
19045 30 480 43 35 45 4 33 18 48 28 17 22 46 36 38 17 47 26 49 48 44 47 24 16 31 17 34 28 40 17 30 35 42 8 28 4 41 7 19 7 7 45 13 4 20 15 29 10 37 13 36 50 39 36 35 4 18 23 12 21 16 24
19046 30 484 49 20 37 4 48 36 16 38 26 35 47 13 43 25 46 19 44 26 45 34 8 11 34 48 42 41 31 15 38 49 19 35 40 10 24 35 41 48 35 8 18 39 9 44 39 44 25 35 32 42 30 33 20 22 21 49 28 43 33 13
19047 30 429 42 31 49 31 35 49 2 12 47 46 1 12 48 10 37 12 45 14 46 28 18 45 44 26 5 14 29 8 20 32 27 12 30 42 34 16 43 13 14 43 38 24 9 35 33 14 15 26 36 13 11 19 6 36 21 9 41 16 32 6
19048 30 465 46 32 36 36 49 24 45 14 42 26 48 11 47 46 44 9 40 29 2 11 39 17 43 21 34 27 29 47 41 26 38 17 26 26 12 10 32 5 37 44 22 37 9 27 3 49 21 49 15 11 27 39 35 15 25 35 11 15 33 35
19049 30 484 47 5 44 11 42 46 49 46 37 45 41 49 43 13 46 43 30 35 33 20 48 37 26 46 34 17 16 41 7 34 36 13 5 7 15 33 39 34 45 49 38 1 40 18 35 47 31 43 27 10 32 33 28 3 24 8 14 24 17 49
