19000 15 258 32 16 31 43 48 3 49 29 12 36 19 16 25 26 37 3 44 42 50 26 28 5 45 46 21 35 46 23 30 50
19001 15 178 14 5 9 48 23 28 30 1 25 37 31 1 46 40 16 22 45 21 27 3 1 12 2 26 24 8 22 48 42 36
19002 15 194 5 30 36 49 4 18 34 16 19 10 29 46 2 1 28 28 25 13 48 19 32 28 21 6 47 35 17 49 41 39
19003 15 209 46 24 42 8 12 3 1 19 27 17 32 31 28 21 44 17 22 32 40 32 35 15 18 30 36 49 21 45 15 41
19004 15 175 32 22 3 19 22 50 30 9 28 32 8 50 7 5 25 19 4 36 37 38 36 19 47 18 41 46 16 29 15 29
19005 15 159 3 34 28 6 14 31 25 20 13 32 48 31 23 18 41 11 35 44 5 23 17 5 4 12 11 34 42 31 10 37
19006 15 208 29 4 3 36 35 11 18 33 39 46 19 12 45 29 27 9 13 31 38 15 34 22 24 12 40 36 20 14 33 28
19007 15 152 21 44 33 29 20 44 15 2 6 39 36 29 13 50 8 9 39 35 5 35 49 13 7 2 4 44 11 4 37 32
19008 15 143 23 22 27 6 38 7 21 13 2 48 18 40 12 13 6 5 26 30 1 35 10 32 5 38 40 17 47 32 11 47
19009 15 182 12 48 20 25 17 7 23 22 4 17 13 37 46 32 37 35 26 16 5 4 27 27 43 13 3 50 39 24 49 20
19010 15 211 38 19 42 24 45 28 28 31 16 13 15 27 34 39 13 26 47 19 41 45 24 5 46 50 6 49 10 32 17 4
19011 15 206 33 30 23 23 32 1 24 21 12 1 6 6 44 15 42 14 46 17 39 31 21 22 30 30 2 23 11 14 47 46
19012 15 213 18 5 37 19 25 41 22 26 48 28 17 35 28 32 27 6 43 45 33 4 1 32 34 45 47 3 2 38 45 4
19013 15 191 5 39 14 1 40 45 7 31 20 28 31 2 48 28 33 18 3 7 44 46 37 19 45 28 47 20 8 50 1 26
19014 15 222 7 43 25 8 38 49 34 26 13 22 29 16 18 27 44 36 24 5 48 23 3 37 40 31 45 38 46 35 30 27
19015 15 202 8 28 43 27 49 16 11 1 39 1 41 14 10 41 27 22 5 3 7 39 37 15 28 49 44 17 30 22 25 5
19016 15 206 15 25 2 29 18 10 24 32 13 3 3 39 16 7 45 24 23 25 42 35 34 39 44 5 46 18 49 6 39 18
19017 15 165 10 12 11 26 29 48 22 4 21 45 27 33 38 46 4 22 17 22 5 49 30 15 47 31 18 18 9 23 42 34
19018 15 207 46 34 43 6 23 22 4 47 22 36 10 26 16 3 2 31 26 16 21 7 28 32 45 34 48 14 38 25 42 35
19019 15 181 5 3 24 9 6 50 2 35 20 46 36 44 38 12 29 20 40 10 39 2 15 14 21 3 12 42 31 30 44 17
19020 15 242 6 47 12 8 38 11 41 13 26 16 46 26 45 30 28 48 35 48 48 21 43 10 24 25 40 41 22 27 30 20
19021 15 190 6 30 13 15 10 13 49 5 35 50 21 21 26 1 18 12 16 21 23 2 8 14 20 24 46 33 48 46 41 30
19022 15 217 48 45 4 29 25 27 1 3 46 48 30 49 11 50 43 49 40 8 41 25 44 24 34 27 27 25 7 17 33 34
19023 15 178 5 16 22 8 21 23 47 49 37 48 15 24 32 8 26 1 20 9 6 20 29 27 42 31 7 25 31 40 16 26
19024 15 186 35 36 42 18 17 1 49 9 41 2 5 48 32 13 48 4 46 14 11 8 1 9 8 8 21 30 12 17 4 14
19025 15 241 16 11 26 18 27 28 36 6 35 43 12 7 23 23 38 4 20 19 48 48 33 35 42 6 40 33 46 27 41 20
19026 15 189 31 45 47 50 43 26 27 28 49 43 14 38 46 32 42 34 10 26 4 6 5 50 20 10 6 37 32 6 3 50
19027 15 168 31 18 22 38 12 40 40 24 28 21 34 15 30 14 5 37 19 2 6 29 4 11 2 15 41 44 18 15 44 19
19028 15 197 15 47 5 44 26 24 17 15 18 31 24 39 31 21 33 2 48 46 41 44 16 32 20 5 34 29 39 31 27 2
19029 15 151 45 7 2 31 23 36 8 16 47 25 10 33 1 40 31 48 43 41 46 20 7 3 15 47 11 40 5 3 9 18
19030 15 211 36 33 32 2 13 34 48 5 30 19 8 31 45 9 9 31 39 45 21 13 35 24 49 19 22 39 11 13 25 50
19031 15 213 32 17 35 18 6 6 11 21 43 46 41 37 25 4 39 25 31 40 28 31 45 16 49 7 18 30 13 27 10 25
19032 15 187 40 46 5 20 25 12 26 19 45 50 32 49 48 5 13 30 7 19 18 21 44 46 6 20 38 20 4 42 23 24
19033 15 183 37 8 9 39 23 38 47 27 3 14 26 28 49 8 44 46 6 4 13 9 21 8 34 26 4 18 2 27 48 23
19034 15 187 14 5 23 29 48 10 38 32 31 29 6 14 22 23 46 27 16 16 5 46 42 12 27 27 8 40 1 42 47 30
19035 15 222 31 1 42 44 34 50 30 25 21 34 38 28 40 23 23 27 47 24 33 23 36 40 24 27 27 8 6 32 13 9
19036 15 165 44 11 22 15 39 44 30 45 33 22 41 1 4 27 10 22 5 4 26 33 29 31 1 39 38 11 7 5 2 4
19037 15 213 29 36 7 18 41 50 2 29 20 13 30 34 25 47 21 49 33 21 47 20 39 27 42 21 46 11 18 11 26 12
19038 15 205 33 24 44 41 20 31 32 19 5 32 45 36 8 12 38 40 40 5 14 41 13 49 12 39 43 2 27 47 37 39
19039 15 141 14 7 7 23 19 23 23 2 3 47 2 8 4 28 38 5 18 9 35 31 1 8 11 2 25 25 34 28 48 5
19040 15 187 38 18 33 31 7 11 43 41 6 44 23 36 3 10 47 33 20 34 30 48 45 16 19 33 21 8 14 38 26 21
19041 15 254 47 6 31 18 39 10 34 41 23 48 37 19 35 25 46 1 45 36 7 40 48 46 42 1 29 37 27 35 19 33
19042 15 193 7 7 30 20 18 12 4 43 10 42 34 47 40 41 12 45 48 22 47 45 15 33 49 31 32 27 24 30 16 9
19043 15 188 41 25 7 7 39 6 4 24 19 29 32 44 33 23 6 37 44 50 46 2 24 28 18 13 2 38 13 43 49 13
19044 15 221 23 41 43 14 37 35 49 28 29 46 46 17 16 2 18 38 39 36 36 47 1 2 44 14 31 21 11 21 20 7
19045 15 211 11 43 31 25 4 49 34 42 43 40 10 17 19 35 41 4 24 45 36 13 33 32 9 30 45 34 37 37 46 32
19046 15 215 18 3 12 8 33 46 36 32 3 20 44 50 46 8 41 48 45 45 49 42 13 9 28 26 6 16 31 49 25 22
19047 15 181 23 12 14 3 5 1 32 45 10 47 8 20 46 9 15 14 47 11 37 23 33 25 17 17 16 49 38 11 21 32
19048 15 211 33 30 48 7 14 11 49 1 43 10 28 45 6 45 25 45 2 36 39 48 27 9 35 1 32 18 22 17 19 40
19049 15 175 10 21 3 10 40 10 32 50 18 3 17 32 36 19 1 21 21 13 30 33 16 18 47 17 23 5 8 1 49 26
