19000 25 412 44 41 49 13 50 30 43 32 17 18 47 47 33 4 37 22 42 11 34 40 45 47 48 40 40 46 46 40 4 14 20 20 24 41 25 18 30 9 27 31 38 37 36 11 8 35 15 15 22 22
19001 25 396 49 46 27 20 41 44 6 37 40 34 4 28 22 38 43 34 46 29 39 33 24 11 29 11 33 11 47 8 44 21 48 14 38 9 32 35 14 44 11 50 45 43 42 47 18 27 35 31 15 13
19002 25 379 49 11 10 40 16 49 37 4 48 48 43 34 46 10 32 12 42 12 17 30 40 22 33 40 29 8 8 39 30 12 23 9 1 44 47 10 31 1 19 22 45 18 39 29 27 25 12 18 34 28
19003 25 384 43 29 45 25 49 49 34 16 46 29 47 20 39 24 30 29 40 46 44 29 10 7 42 39 32 48 22 49 48 21 33 10 2 39 9 12 28 5 24 2 38 15 4 21 6 9 31 31 23 19
19004 25 404 17 32 42 2 46 35 24 44 25 41 48 14 44 31 49 26 47 39 39 11 22 22 35 15 45 44 3 2 20 44 43 6 5 28 6 11 41 12 34 40 36 12 32 9 37 39 29 32 40 2
19005 25 406 19 41 45 37 35 18 48 20 46 49 43 26 36 50 3 43 32 1 47 46 38 44 49 36 40 44 33 48 44 13 34 48 9 32 28 43 20 14 30 27 22 46 17 17 29 36 42 8 24 24
19006 25 408 32 12 33 11 49 11 38 29 34 26 39 21 45 31 40 19 1 44 36 20 47 5 42 1 25 32 48 30 46 29 23 7 20 20 11 44 44 14 26 48 41 25 27 45 43 14 22 15 5 26
19007 25 406 41 8 46 19 45 38 49 40 39 20 47 40 22 44 48 30 16 19 15 6 29 35 35 45 44 21 30 5 38 31 31 46 33 33 32 18 8 35 37 15 42 26 21 40 43 33 20 35 2 5
19008 25 367 38 16 31 37 45 15 1 48 49 17 41 19 44 27 10 29 7 20 33 29 48 29 24 37 40 29 8 49 47 36 39 14 42 42 46 7 4 31 11 33 36 6 43 46 6 39 12 49 30 19
19009 25 349 4 48 37 45 30 10 49 28 23 47 47 47 46 6 38 10 48 32 20 35 18 9 21 45 40 24 39 25 13 48 44 5 42 19 41 8 11 48 2 22 1 28 22 14 31 44 6 49 25 36
19010 25 409 47 25 46 24 31 35 45 21 48 12 43 6 42 16 49 49 24 9 21 34 25 11 39 32 40 48 35 23 38 18 26 12 22 15 41 17 28 49 33 2 29 17 1 40 17 3 34 6 14 19
19011 25 415 41 35 47 45 48 43 46 37 49 47 31 34 29 37 39 8 38 19 20 1 34 43 45 9 4 8 21 7 43 14 42 7 44 11 24 48 40 38 26 50 14 13 22 9 15 7 35 6 33 34
19012 25 390 27 24 43 25 48 33 35 42 36 42 23 49 47 19 46 40 10 11 7 44 45 24 42 39 14 36 49 2 40 9 15 12 28 10 41 1 22 10 17 37 13 1 38 50 39 49 31 36 24 7
19013 25 388 44 27 48 26 33 46 42 45 46 33 49 35 43 19 8 29 13 49 19 6 40 40 38 48 10 32 28 6 45 39 41 35 36 23 47 13 25 13 6 16 18 33 7 14 31 15 30 12 29 2
19014 25 416 48 42 42 13 49 39 45 24 20 10 19 50 37 36 47 11 40 9 35 11 26 34 33 29 39 31 46 2 5 40 44 26 36 27 43 31 18 38 29 27 14 19 41 38 25 26 28 9 24 21
19015 25 367 49 27 4 43 44 16 48 39 46 14 13 6 47 15 40 32 34 36 22 38 43 28 10 8 9 17 27 48 42 12 25 29 19 8 38 49 15 14 37 32 6 49 45 4 41 42 29 12 1 45
19016 25 369 48 40 30 4 45 2 22 6 44 3 46 1 47 40 6 3 18 21 19 44 49 2 42 15 7 4 34 41 38 48 33 48 32 44 28 45 21 28 4 11 26 25 43 30 5 32 11 21 41 26
19017 25 386 46 17 37 5 39 2 49 12 7 13 28 30 41 3 29 39 47 46 19 25 2 23 35 13 25 38 42 13 48 18 45 21 40 23 24 46 1 5 16 41 43 20 33 9 38 8 8 45 31 14
19018 25 417 46 2 41 20 44 15 28 13 5 32 49 48 47 42 16 7 9 1 42 22 38 7 19 37 35 28 45 35 48 35 40 1 39 14 43 12 37 7 36 36 8 6 29 2 25 40 34 26 31 43
19019 25 407 48 10 49 10 43 13 19 38 31 41 41 25 39 27 42 4 26 8 33 15 47 27 45 44 6 43 30 48 22 15 44 12 46 4 38 42 17 40 29 11 16 14 8 3 27 7 37 47 32 29
19020 25 420 38 7 49 45 48 46 27 43 43 1 29 33 44 3 31 46 37 46 47 42 41 29 46 50 45 43 30 6 42 32 34 27 40 4 35 33 8 32 36 50 23 29 18 36 20 1 12 2 17 15
19021 25 387 49 45 41 7 48 32 46 14 39 16 6 38 11 42 47 40 19 31 44 48 18 27 35 50 38 15 14 26 37 30 40 20 45 29 29 48 43 43 27 19 21 19 32 14 23 18 15 24 8 21
19022 25 412 35 4 39 26 41 16 49 19 42 38 31 25 43 2 34 1 47 38 48 41 38 38 44 14 46 1 19 30 45 41 24 50 29 2 25 6 18 17 16 41 1 49 40 38 26 34 8 5 37 17
19023 25 414 33 46 41 19 44 3 31 26 47 4 46 25 43 7 27 42 49 41 29 27 5 48 9 48 42 9 32 30 48 25 12 50 39 44 2 22 45 8 24 37 38 10 36 3 30 41 37 35 40 31
19024 25 374 12 41 32 48 49 9 2 41 48 30 47 41 22 50 17 24 35 45 37 31 42 48 40 10 34 2 1 41 43 8 45 39 24 38 14 20 15 5 46 14 39 12 44 23 41 4 11 37 8 14
19025 25 396 49 29 34 17 46 9 31 8 33 16 42 38 48 49 41 9 43 39 45 23 32 50 6 41 9 46 36 44 24 6 23 17 38 6 47 15 44 39 27 7 30 8 16 16 4 13 37 50 7 33
19026 25 392 45 27 43 16 44 45 37 25 35 27 5 17 33 33 27 38 22 13 49 26 47 46 29 14 48 13 41 1 46 19 11 45 21 29 28 30 12 17 31 6 13 25 24 23 15 33 38 33 40 16
19027 25 394 48 47 3 30 49 31 45 28 38 7 41 16 34 42 40 30 31 4 42 12 13 8 5 49 27 40 47 3 46 45 14 13 39 43 28 39 35 15 11 49 33 38 43 22 17 12 16 41 44 28
19028 25 386 48 6 12 15 49 13 26 11 28 9 42 24 29 5 45 10 43 34 1 1 39 45 46 25 3 1 40 47 35 5 44 40 8 13 32 11 18 26 41 6 31 24 47 46 24 28 38 48 4 41
19029 25 418 49 3 20 27 13 38 41 30 45 4 47 44 48 6 46 38 42 5 44 23 40 29 36 2 38 35 33 42 43 49 25 4 29 28 37 45 11 38 22 15 39 34 24 49 35 39 3 35 26 42
19030 25 401 23 15 49 30 38 35 6 45 33 35 43 2 24 5 37 39 48 5 3 13 12 47 31 27 44 12 28 39 47 31 29 26 46 14 36 46 30 48 40 50 45 9 9 19 39 36 42 6 20 3
19031 25 414 38 11 23 15 49 4 45 14 48 34 47 18 46 38 33 4 11 17 25 41 43 49 37 28 36 41 44 34 41 18 31 50 39 4 21 27 40 10 13 40 34 36 16 32 15 14 24 3 29 24
19032 25 391 45 29 49 15 26 34 41 11 46 11 47 17 5 8 40 27 30 44 38 14 37 38 6 41 29 5 48 4 36 28 24 49 25 16 42 42 33 12 34 46 16 4 3 36 44 50 4 12 35 40
19033 25 409 48 43 11 41 38 2 49 22 42 37 43 7 47 46 37 20 40 35 44 9 31 34 39 3 27 40 45 15 24 19 35 42 32 35 29 22 3 48 46 3 18 8 13 10 41 20 19 35 17 40
19034 25 369 24 37 47 17 49 2 17 38 43 9 48 21 7 12 16 48 38 2 25 7 41 12 29 27 12 49 46 32 3 24 36 1 42 6 44 35 45 8 2 11 32 44 30 13 20 5 27 22 15 13
19035 25 391 43 18 48 43 39 1 23 29 46 20 49 41 42 11 47 2 5 45 20 4 25 48 40 16 44 25 7 25 8 3 27 37 11 22 32 37 45 4 36 41 24 19 22 29 35 29 30 48 34 28
19036 25 381 49 39 28 12 36 29 31 46 46 16 42 15 21 1 1 20 37 38 25 18 45 18 30 7 33 8 48 27 6 10 3 8 44 19 27 27 26 17 29 16 24 16 40 48 39 9 38 18 15 22
19037 25 366 18 47 16 42 45 45 43 49 34 1 20 39 17 19 49 42 30 44 40 12 9 47 5 21 48 10 31 11 47 37 39 28 27 24 3 14 41 42 44 10 19 15 13 24 7 49 42 21 46 25
19038 25 396 39 13 24 47 48 33 25 18 49 5 43 31 29 10 47 5 20 33 45 16 41 36 4 14 19 36 33 12 37 50 44 8 5 20 34 31 42 10 13 17 40 34 22 30 46 19 17 7 27 35
19039 25 390 40 30 36 15 25 9 48 44 43 14 47 48 21 30 37 47 45 50 49 47 32 9 34 4 22 27 3 43 20 45 41 30 16 12 33 11 46 14 26 13 35 30 14 20 7 41 18 34 42 36
19040 25 347 49 33 1 26 28 40 40 24 24 21 30 47 32 46 6 28 7 29 47 5 13 3 4 12 48 36 46 42 39 14 22 23 37 41 42 25 18 18 10 39 11 16 26 21 35 1 41 17 38 28
19041 25 382 26 16 3 5 44 13 48 9 41 3 33 43 43 8 17 21 45 8 49 25 46 43 42 15 4 43 36 44 15 9 34 34 47 24 14 10 37 33 19 33 39 5 27 6 29 3 2 50 24 38
19042 25 398 47 20 33 34 43 31 46 12 2 24 44 14 36 40 22 16 28 4 42 22 49 46 41 28 30 36 48 31 45 32 34 42 21 25 18 24 40 6 37 25 5 48 17 24 31 27 9 26 29 11
19043 25 404 6 11 49 42 36 47 47 29 48 42 39 36 23 19 43 39 42 23 37 9 10 20 45 15 32 18 12 16 38 12 35 48 34 49 41 22 44 18 29 33 18 4 11 46 30 13 14 50 46 50
19044 25 425 31 27 49 18 35 21 42 28 46 45 7 43 21 46 43 15 39 17 48 18 47 6 27 33 37 43 32 29 14 28 44 29 45 49 25 46 28 14 40 15 29 34 38 1 20 37 33 10 30 36
19045 25 411 46 22 45 18 49 14 21 47 28 19 48 22 40 45 24 29 33 24 42 7 41 11 39 50 30 10 14 28 43 38 44 3 7 19 31 31 47 37 29 1 13 49 18 50 36 15 35 12 20 14
19046 25 377 32 30 43 17 36 19 46 14 20 16 47 8 49 19 15 24 48 7 19 26 33 50 42 38 40 30 44 37 22 30 16 39 38 30 4 31 35 34 37 18 24 36 39 26 9 50 7 14 10 41
19047 25 386 39 26 43 16 32 20 29 14 48 44 46 20 26 19 31 10 44 5 47 37 27 50 36 6 40 2 49 3 12 33 16 5 9 33 45 42 42 26 34 38 25 19 14 2 18 38 20 21 1 18
19048 25 376 22 40 40 11 49 50 44 12 47 27 41 30 25 16 48 29 35 41 32 11 45 37 24 2 29 11 23 28 46 18 42 34 19 1 20 44 30 25 39 43 12 35 15 20 2 36 10 8 13 18
19049 25 401 49 21 41 32 5 25 36 14 33 24 46 4 39 23 34 47 20 6 42 15 27 4 25 13 17 22 44 41 2 38 48 50 29 14 16 7 21 15 47 37 28 40 37 13 38 46 35 28 43 14
