17000 20 255 28 63 22 322 43 273 14 377 4 89 47 268 18 216 26 180 21 428 41 207 39 482 10 101 35 361 6 500 9 303 27 323 24 99 49 64 44 154 3 490
17001 20 257 22 272 7 449 1 28 28 174 18 435 14 151 44 365 37 254 20 87 24 363 39 400 11 456 48 377 31 440 2 349 4 376 50 127 45 484 41 48 29 107
17002 20 236 34 334 28 220 2 435 38 451 47 195 23 145 3 436 24 6 10 11 46 86 8 281 5 361 40 195 14 12 15 446 33 67 42 179 16 167 17 169 27 394
17003 20 240 39 486 6 434 23 163 17 251 19 279 36 261 49 272 20 365 4 283 10 232 48 426 47 16 8 325 11 46 18 332 34 31 1 176 22 111 32 422 37 450
17004 20 232 26 469 12 59 19 339 15 385 37 332 42 461 38 122 9 171 6 341 20 39 44 95 4 447 34 388 21 472 39 196 40 250 10 89 18 94 27 401 3 397
17005 20 250 14 495 16 255 38 262 18 44 11 151 31 281 24 119 26 414 21 81 25 161 1 69 37 51 8 274 45 34 35 49 30 500 43 245 6 81 48 300 23 65
17006 20 270 46 106 39 256 6 459 43 306 16 118 49 254 48 80 4 143 26 359 25 182 34 50 1 360 5 149 11 330 23 75 28 465 31 33 24 173 41 143 40 340
17007 20 230 46 138 21 1 30 447 10 354 45 403 6 209 28 466 38 251 40 463 5 496 13 280 18 251 20 162 11 58 29 282 8 260 19 465 9 14 27 66 37 465
17008 20 269 18 326 29 47 32 274 9 461 44 61 33 455 3 143 14 181 26 422 43 355 42 257 13 407 28 402 37 191 47 383 23 270 35 415 4 169 20 306 39 439
17009 20 258 6 483 46 400 39 410 16 162 35 320 31 398 37 167 2 313 7 95 47 421 18 142 27 196 21 84 28 116 33 268 26 141 36 187 25 5 23 393 13 278
17010 20 290 37 175 36 383 23 408 33 40 40 220 26 135 43 359 14 158 44 283 35 334 18 74 8 472 30 217 28 142 46 267 31 149 41 388 39 170 2 64 6 344
17011 20 212 25 171 3 468 4 388 1 421 13 10 45 255 42 461 34 135 8 350 38 499 43 377 31 74 16 103 10 70 5 281 23 174 12 326 6 474 36 102 30 477
17012 20 240 12 163 13 71 15 60 9 437 45 183 4 249 36 359 29 93 41 253 16 76 44 81 39 279 33 318 7 96 32 69 17 196 28 410 5 328 19 305 37 205
17013 20 276 13 67 47 153 21 414 30 436 7 161 26 487 45 195 42 26 16 160 22 51 38 483 46 103 37 24 12 478 6 30 11 200 41 90 48 102 36 296 8 31
17014 20 264 38 83 46 97 6 446 36 139 43 289 27 16 12 20 29 39 26 8 16 388 9 406 45 5 8 443 15 473 20 464 5 17 49 45 37 74 48 93 13 255
17015 20 244 7 273 13 186 20 369 16 77 11 341 44 283 8 293 4 171 49 370 21 96 29 108 19 255 47 83 25 451 39 448 15 476 17 184 41 45 32 438 31 204
17016 20 281 31 228 32 290 46 188 49 8 48 295 40 323 47 381 22 412 6 238 34 292 30 424 20 220 5 254 37 457 14 364 4 111 27 302 19 76 10 250 42 371
17017 20 248 9 500 10 105 48 94 47 27 19 168 23 273 31 10 29 94 25 470 49 336 2 306 24 249 15 223 46 155 8 405 5 350 33 218 32 91 14 452 28 257
17018 20 264 28 498 8 363 45 59 18 220 10 385 43 156 38 310 2 144 21 408 44 428 42 211 5 73 3 254 36 104 33 344 32 130 46 377 12 366 23 250 40 30
17019 20 243 46 129 41 97 23 464 6 118 47 328 21 333 2 308 38 435 3 419 14 456 17 292 19 482 40 193 33 481 22 428 10 264 26 234 27 83 20 379 32 166
17020 20 237 1 214 20 110 2 254 14 272 19 271 38 461 39 369 33 303 32 206 30 141 7 226 46 39 28 165 10 183 21 375 26 255 44 148 23 266 37 235 5 108
17021 20 241 36 339 10 170 45 492 14 448 38 209 37 167 26 255 28 408 3 261 7 430 15 352 27 289 18 316 24 423 13 162 34 182 6 175 44 71 25 83 32 461
17022 20 278 49 357 17 77 16 244 31 376 3 60 42 304 39 30 23 304 7 96 26 270 10 261 36 498 38 410 30 369 22 329 27 140 34 387 19 188 46 160 41 434
17023 20 245 41 264 39 298 11 166 19 172 27 73 12 71 26 123 46 196 30 224 35 86 15 70 24 185 7 122 44 100 34 215 33 277 3 449 28 287 2 298 14 274
17024 20 216 49 9 21 129 34 156 16 350 27 390 11 377 35 417 12 499 14 497 25 277 1 223 15 378 9 367 24 140 32 461 4 17 18 19 44 408 29 270 13 187
17025 20 238 39 363 2 87 38 78 37 212 43 115 23 159 41 146 14 80 12 67 46 429 36 462 25 345 10 405 15 339 18 153 27 280 4 15 19 32 1 333 26 365
17026 20 268 5 334 8 50 35 323 29 297 40 225 27 327 38 253 23 249 37 87 25 141 15 206 45 29 28 280 9 153 46 63 14 24 43 320 19 169 49 447 1 469
17027 20 239 6 158 8 245 34 98 9 142 42 140 18 21 21 478 25 118 14 323 5 238 49 409 19 157 26 158 32 34 15 489 28 399 39 388 30 27 11 3 47 188
17028 20 255 27 415 31 241 37 137 28 438 36 386 5 106 45 470 32 52 1 367 16 342 44 116 30 31 7 261 10 69 13 206 6 142 22 38 25 211 47 462 48 403
17029 20 224 17 342 22 400 45 225 16 111 18 261 28 49 44 437 9 53 5 424 10 113 15 82 2 298 43 176 40 137 7 244 6 1 25 207 35 137 30 73 32 429
17030 20 262 40 194 43 156 27 395 5 119 20 164 10 59 23 56 16 175 21 272 12 48 28 470 33 466 26 264 44 348 18 386 41 63 19 457 48 489 13 449 38 387
17031 20 191 4 253 13 26 27 184 39 424 8 8 28 185 22 367 19 36 11 98 6 29 3 17 34 17 17 423 16 49 1 287 29 363 44 39 40 30 12 206 10 132
17032 20 275 44 222 42 191 29 22 47 133 40 232 7 154 5 230 31 72 36 423 15 467 35 411 27 292 16 34 1 149 25 290 18 405 13 266 38 52 39 110 43 192
17033 20 300 33 366 22 118 38 238 34 425 40 253 42 457 36 294 5 413 18 246 32 423 10 347 12 312 45 350 23 196 44 316 28 9 37 348 49 375 25 374 27 165
17034 20 239 31 462 11 488 26 328 33 307 2 493 5 413 6 51 14 280 47 257 46 476 18 232 25 118 8 458 42 332 32 70 48 414 1 109 38 134 17 291 28 124
17035 20 287 6 133 24 169 14 272 28 359 48 395 43 274 31 405 33 114 26 283 30 208 40 280 18 129 15 287 20 94 10 327 35 495 42 207 22 52 44 79 46 162
17036 20 236 37 180 27 462 12 6 20 254 38 189 32 254 25 153 48 384 29 425 21 326 16 377 49 318 34 467 13 112 8 125 36 440 2 297 1 109 18 154 7 388
17037 20 259 2 333 42 199 17 223 25 387 48 241 15 496 10 148 14 72 11 13 32 88 23 191 46 23 49 314 29 249 22 268 4 159 33 124 30 364 26 128 41 49
17038 20 251 36 453 32 325 4 15 48 228 15 313 6 413 34 375 12 339 11 263 18 285 24 250 27 477 17 25 22 256 35 273 49 420 38 66 46 478 20 342 8 407
17039 20 238 2 20 25 138 45 274 40 494 16 468 20 342 28 291 49 65 14 409 13 483 48 30 17 243 8 133 15 349 21 202 11 47 42 56 22 181 23 498 18 343
17040 20 255 39 398 35 287 12 48 47 426 33 494 6 449 37 315 31 353 15 323 25 216 24 259 40 445 41 470 38 110 14 126 7 148 20 48 10 98 32 304 5 230
17041 20 273 42 71 12 96 35 484 20 300 19 243 9 260 40 349 11 489 10 24 16 118 23 230 39 239 1 194 43 432 37 213 44 32 49 429 4 448 46 358 47 399
17042 20 248 21 222 14 41 45 93 32 166 34 420 19 29 16 478 47 126 26 350 25 76 48 135 36 136 33 443 20 204 6 12 1 193 29 485 28 183 9 129 8 34
17043 20 265 28 94 22 414 38 469 48 80 40 451 37 452 1 487 46 68 24 460 3 38 18 246 20 395 26 387 14 153 30 285 16 117 5 313 44 116 45 218 25 343
17044 20 230 35 399 4 37 36 341 25 403 38 147 16 274 27 104 37 29 34 71 47 52 11 452 21 226 15 295 12 259 29 460 17 247 5 444 2 42 40 3 9 363
17045 20 209 29 363 2 407 46 424 3 349 1 316 21 41 37 437 36 301 16 112 7 85 9 211 28 360 5 469 14 363 33 92 25 184 48 22 10 203 18 22 30 410
17046 20 280 11 366 47 61 13 363 22 20 49 30 32 326 41 186 46 454 28 45 25 364 45 499 23 449 21 232 18 242 29 2 26 414 40 86 12 188 17 243 15 208
17047 20 247 31 362 13 181 39 58 7 52 4 155 24 104 27 457 23 321 19 351 49 378 38 341 17 173 2 306 46 22 48 228 33 211 8 72 20 65 25 423 21 201
17048 20 235 26 150 7 298 20 478 43 176 28 230 18 496 2 369 16 175 40 44 8 300 3 481 19 219 5 193 39 164 10 493 46 132 37 443 35 107 44 277 24 419
17049 20 244 17 169 28 18 22 308 39 190 12 481 31 269 1 121 34 269 30 128 47 286 15 385 29 149 43 472 16 242 46 285 19 365 6 228 3 297 40 134 10 184
