17000 30 371 28 163 22 322 43 173 14 77 4 289 47 168 18 316 26 180 21 328 41 107 39 82 10 101 35 161 6 400 9 3 27 123 24 199 49 64 44 354 3 190 7 49 1 128 15 387 20 387 13 89 50 61 48 77 31 40 2 49 45 284
17001 30 355 41 148 29 107 34 134 28 120 2 335 38 351 47 295 23 145 3 136 24 106 10 311 46 286 8 181 5 261 40 395 14 312 15 246 33 267 42 79 16 167 17 169 27 94 39 386 6 134 13 267 1 69 36 261 49 172 20 65 4 283
17002 30 367 10 332 48 326 6 167 47 16 8 225 11 46 18 132 34 331 1 76 22 211 32 122 37 350 26 269 12 259 19 339 15 285 42 161 38 322 9 271 41 220 39 144 45 212 4 347 21 72 46 340 44 77 27 159 3 397 14 195 16 55
17003 30 408 38 62 18 244 11 351 31 381 24 319 26 314 21 181 25 261 1 169 37 51 8 174 45 234 35 49 30 300 43 45 6 181 48 400 23 265 46 106 39 356 9 293 16 18 49 254 4 43 32 134 10 255 28 65 33 324 41 143 40 40
17004 30 361 46 238 21 101 30 347 10 54 45 203 6 9 28 66 38 51 40 163 5 396 13 380 18 51 20 262 11 258 29 182 8 60 19 65 9 314 27 166 37 65 26 179 47 382 24 59 44 61 33 155 3 343 14 281 22 293 42 357 7 176
17005 30 380 3 28 2 18 14 18 37 191 47 383 23 370 44 85 15 54 19 370 6 64 33 339 39 206 46 100 10 306 16 262 35 220 31 198 17 389 13 307 45 197 21 300 18 42 27 296 34 78 26 41 36 187 25 205 43 336 28 237 8 383
17006 30 382 40 350 20 276 35 243 9 264 8 94 33 35 34 368 24 58 22 143 30 117 28 242 46 267 18 281 49 291 38 331 39 270 2 364 6 144 25 271 3 368 4 288 1 221 13 110 45 155 42 61 50 3 43 77 31 374 16 103 10 370
17007 30 370 5 381 23 274 34 62 26 6 24 36 2 180 27 362 13 263 21 13 15 260 9 337 45 83 4 249 36 359 29 393 41 53 16 76 44 81 39 179 33 318 7 296 32 269 17 196 28 110 19 105 37 105 47 353 14 380 11 126 42 226
17008 30 414 16 60 22 51 38 83 46 103 37 24 42 112 28 106 30 226 11 400 41 390 48 2 12 286 8 31 33 396 47 256 36 339 43 89 27 216 20 279 39 26 9 206 45 305 29 308 26 365 23 115 14 55 17 349 24 77 5 88 13 155
17009 30 381 7 73 13 386 20 169 16 177 11 241 44 83 8 293 4 271 49 270 21 196 29 208 19 255 47 83 25 151 39 48 15 76 17 184 41 45 32 138 31 104 28 282 40 396 38 199 48 195 23 297 22 312 6 138 34 92 30 224 5 54
17010 30 350 32 37 7 114 14 390 4 11 27 202 19 276 48 60 46 192 21 59 10 105 44 197 18 298 23 373 31 110 29 394 25 70 49 136 2 106 24 49 15 23 47 309 5 308 8 283 41 48 28 357 13 295 9 168 20 360 35 243 6 145
17011 30 377 38 10 2 244 21 108 44 28 42 211 5 73 3 54 36 204 33 344 32 330 46 177 12 266 23 150 40 130 29 91 47 73 14 356 18 391 28 397 8 388 35 203 19 64 6 217 43 183 31 122 10 164 26 134 27 183 20 79 16 351
17012 30 324 14 20 10 302 4 364 22 169 21 188 11 289 19 52 33 3 32 306 30 41 20 257 26 196 39 328 15 69 25 302 5 144 48 223 16 287 35 255 8 186 45 92 38 209 37 67 28 308 3 161 7 30 2 177 18 16 24 123 13 62
17013 30 406 34 282 6 275 44 371 25 83 32 161 49 157 17 177 16 144 31 176 3 60 42 104 39 330 23 204 7 296 26 170 10 61 36 298 38 110 30 369 22 129 27 340 37 219 46 160 41 134 14 289 48 111 19 372 12 371 24 335 15 370
17014 30 334 24 285 7 22 44 200 34 15 46 33 27 161 3 49 39 128 37 52 48 314 49 309 21 29 6 266 40 234 11 277 35 117 12 99 14 297 25 177 1 223 15 78 9 167 32 261 4 117 18 19 16 44 8 299 29 370 13 87 2 287
17015 30 342 38 278 37 12 43 315 23 159 41 46 14 280 12 367 46 329 36 62 25 345 10 205 15 39 18 353 27 280 4 315 19 332 1 33 26 65 5 34 8 150 35 223 29 97 40 25 3 23 49 58 6 295 28 80 9 53 13 38 24 328
17016 30 396 43 220 19 369 49 147 8 1 6 58 45 284 48 259 42 192 40 68 21 171 28 325 18 392 14 323 5 38 9 318 7 64 26 358 32 34 15 289 39 88 30 227 11 203 47 388 27 215 31 41 37 237 38 136 36 255 20 82 2 101
17017 30 362 17 166 42 344 16 80 31 207 11 210 19 163 6 356 22 238 32 60 25 311 47 162 48 203 45 125 18 61 28 49 44 337 9 253 5 124 10 213 15 382 2 198 43 76 40 237 7 144 1 216 35 37 30 373 29 40 27 395 20 164
17018 30 361 10 259 23 256 16 375 21 372 12 348 28 270 33 366 26 64 40 94 48 118 36 241 13 41 19 57 39 78 49 288 37 204 3 13 27 84 24 13 8 208 35 272 17 278 11 398 6 29 34 217 4 272 1 187 29 363 44 39 30 262
17019 30 375 6 160 32 94 22 42 41 29 47 33 40 132 7 54 5 130 31 372 29 336 23 365 17 285 11 205 27 392 16 334 1 49 25 90 18 205 13 166 38 252 39 110 43 192 33 66 34 225 3 292 36 394 46 382 10 147 12 12 45 250
17020 30 411 23 296 44 216 28 9 37 148 49 375 33 125 24 375 27 165 31 362 11 88 26 328 7 302 43 305 13 356 1 314 30 147 46 176 18 332 25 118 8 258 42 132 32 270 48 214 9 238 34 167 41 78 6 33 19 364 22 278 45 43
17021 30 390 24 164 31 5 33 14 26 183 30 8 40 80 18 329 15 87 20 194 10 127 28 335 45 142 7 72 2 6 44 379 46 162 37 80 27 62 12 306 4 338 39 282 25 253 48 184 29 25 21 126 16 377 49 18 34 267 13 312 8 25
17022 30 378 36 40 2 397 1 9 18 254 48 7 38 352 33 292 49 217 23 175 37 348 41 215 46 310 14 172 11 13 32 388 29 349 22 268 4 159 24 310 30 164 26 328 25 223 3 232 15 48 28 265 13 156 34 375 12 39 35 324 27 77
17023 30 410 24 17 25 311 22 56 35 373 11 249 20 288 16 332 46 278 17 370 42 58 7 102 38 395 40 394 2 166 18 370 28 191 49 65 14 309 13 183 48 330 43 208 33 65 21 202 47 192 6 272 31 249 23 398 39 398 37 62 26 283
17024 30 397 44 256 49 37 15 81 3 115 23 75 16 83 24 59 40 345 39 91 20 288 10 364 26 7 48 64 32 104 5 230 42 71 12 96 35 84 19 243 9 360 11 289 18 123 30 390 1 394 43 232 37 13 29 254 46 358 47 199 21 222
17025 30 390 14 141 45 393 32 66 34 320 19 229 16 178 47 326 26 250 25 176 48 35 36 36 33 143 20 304 6 212 1 293 29 185 28 383 9 29 8 234 44 72 38 69 30 140 37 352 46 268 24 360 3 238 18 346 35 66 17 305 13 248
17026 30 360 44 216 37 395 18 375 43 85 49 54 36 341 25 103 38 47 16 74 27 104 29 184 21 347 2 75 11 52 26 388 15 295 12 159 10 212 17 147 5 244 42 290 3 59 13 279 7 346 24 153 1 16 41 187 46 366 35 359 28 160
17027 30 409 5 169 14 63 33 92 25 284 48 122 10 3 21 110 18 22 30 110 11 166 47 261 13 63 22 320 49 30 32 26 41 386 46 354 28 45 45 299 23 249 42 13 29 302 26 114 40 186 12 88 17 343 15 308 31 162 39 258 7 52
17028 30 342 4 355 24 304 27 157 23 121 19 351 49 278 38 341 17 273 2 306 39 196 22 298 28 83 11 308 20 365 25 23 21 301 26 250 7 398 43 76 30 368 46 302 16 175 40 44 8 300 3 281 5 193 14 19 10 393 32 387 35 207
17029 30 401 44 377 24 119 17 169 28 18 22 208 39 290 12 381 31 369 1 221 34 69 30 128 47 386 15 85 29 149 43 372 16 42 46 185 19 165 6 128 3 97 40 334 10 384 45 4 32 24 20 328 48 280 8 15 23 5 49 242 21 122
17030 30 412 3 162 5 34 21 390 33 267 44 16 40 336 32 11 15 112 18 171 43 215 2 150 24 155 30 67 38 388 47 392 49 52 25 72 41 209 36 225 23 256 42 88 10 210 26 211 11 257 34 67 37 151 39 117 9 334 20 125 28 192
17031 30 359 31 119 30 40 11 56 2 23 12 286 42 100 38 383 25 77 23 341 16 214 33 175 48 382 17 58 10 390 22 41 39 352 32 351 7 234 26 270 21 367 20 10 49 146 36 222 1 387 27 134 4 1 3 274 35 194 19 52 40 85
17032 30 423 23 249 36 119 7 109 39 145 29 217 35 218 30 148 21 343 46 248 43 72 37 254 4 257 8 146 42 230 27 300 32 85 22 229 38 59 25 357 41 372 28 383 33 66 45 367 20 60 17 353 13 231 40 194 48 140 6 364 11 146
17033 30 420 37 240 31 359 12 263 26 108 29 131 10 100 43 316 17 47 6 79 28 196 24 144 47 340 41 336 45 249 49 7 44 137 46 26 38 23 19 68 5 278 18 247 36 294 1 266 23 398 39 266 30 9 9 379 33 154 15 330 40 137
17034 30 366 6 87 32 41 35 306 4 34 46 271 30 277 31 260 2 39 39 86 43 353 16 372 8 390 1 67 28 41 33 79 25 10 13 59 29 333 38 255 14 97 9 202 37 294 44 192 11 317 7 69 10 87 42 23 47 137 49 265 3 274
17035 30 438 41 119 45 132 32 262 22 350 38 309 49 232 31 78 14 130 16 220 10 316 37 220 48 42 44 144 12 195 35 133 39 168 2 108 15 23 9 52 34 359 33 214 36 248 43 201 18 304 6 76 47 264 28 103 29 10 46 73 17 64
17036 30 381 40 50 23 325 16 58 22 110 11 191 28 246 41 343 45 256 3 87 33 305 15 94 48 262 18 242 17 156 10 381 46 10 27 12 43 286 24 36 1 52 49 149 13 183 29 277 2 293 44 295 9 150 5 141 47 216 42 59 12 277
17037 30 359 32 347 30 235 22 181 8 20 29 23 5 333 1 31 37 393 26 281 4 77 44 23 41 42 47 399 2 105 15 383 48 125 13 152 7 315 34 395 10 61 38 314 18 198 14 196 9 389 28 310 45 394 21 190 35 20 49 171 6 317
17038 30 410 24 316 44 388 5 57 46 165 26 395 20 92 43 328 32 120 39 77 15 33 49 254 19 118 17 240 42 132 47 260 12 3 40 83 34 304 31 214 11 52 16 120 9 134 35 324 18 77 3 357 41 243 14 223 38 17 29 266 22 195
17039 30 419 37 80 28 327 31 5 46 76 42 372 34 281 39 263 35 298 23 175 40 339 49 9 32 288 27 348 18 156 15 139 2 170 29 380 26 75 25 399 11 7 41 236 47 267 16 288 19 55 14 66 20 284 33 149 13 382 9 108 38 221
17040 30 376 14 227 45 206 41 72 28 239 30 348 44 43 15 16 47 228 33 30 12 81 34 152 21 374 24 186 2 218 43 165 10 15 7 387 5 236 36 98 31 251 26 379 6 209 23 149 22 308 25 80 1 54 39 109 42 193 27 80 20 28
17041 30 356 1 145 8 109 3 180 9 127 40 13 21 272 37 52 6 83 26 308 36 366 16 127 12 356 38 387 11 7 15 314 4 372 22 8 30 134 43 242 31 110 23 63 35 80 48 101 32 115 47 218 25 3 34 238 41 151 5 282 14 318
17042 30 357 45 276 2 26 25 104 23 253 16 32 36 380 28 205 7 382 39 94 42 96 3 57 8 393 9 162 26 367 33 40 29 267 40 355 44 295 46 161 10 83 37 348 27 42 14 274 22 131 32 244 17 351 6 186 13 120 20 392 15 32
17043 30 378 3 249 23 294 35 23 18 314 16 81 37 313 4 270 2 385 13 268 41 326 48 202 49 362 21 368 1 258 26 103 20 334 15 302 27 255 42 128 47 78 45 224 44 377 5 297 10 335 19 221 40 127 8 241 34 47 46 362 17 287
17044 30 339 14 117 41 362 36 252 49 157 20 69 4 290 12 197 29 341 7 21 42 67 33 157 6 280 18 73 23 206 40 159 21 156 35 293 3 33 22 53 2 212 15 351 13 297 31 31 38 310 25 311 32 281 1 9 45 319 16 372 5 377
17045 30 387 38 357 21 44 15 285 42 314 17 323 20 105 34 346 18 226 9 329 28 351 30 195 32 361 5 338 37 342 44 209 8 93 24 360 45 16 36 40 3 266 11 146 12 360 6 93 40 116 49 328 23 213 33 306 7 400 41 165 46 318
17046 30 402 13 306 23 357 47 141 6 126 49 309 27 381 16 234 38 382 40 189 15 284 29 329 37 245 41 92 4 155 12 196 21 169 17 267 45 103 28 340 20 80 43 55 9 271 33 197 18 20 39 159 25 194 8 55 7 255 46 218 48 62
17047 30 367 17 340 39 36 19 133 42 229 4 325 27 23 46 16 33 272 9 192 1 393 23 194 37 70 13 228 26 45 8 166 32 379 49 74 7 254 34 276 47 199 10 68 2 346 21 321 40 156 31 281 18 296 14 396 44 337 3 47 38 338
17048 30 392 24 34 38 234 4 398 37 399 35 399 46 6 42 154 47 347 40 5 27 222 25 325 36 370 18 374 17 164 11 342 2 97 13 153 22 100 1 117 7 295 23 3 41 164 10 270 34 194 5 311 48 379 29 111 49 13 39 14 15 63
17049 30 422 13 268 31 169 12 353 23 2 17 34 21 54 16 76 22 279 25 152 7 38 42 129 47 184 30 309 43 26 37 205 4 372 49 7 40 33 1 245 20 172 44 323 32 131 29 200 41 240 24 183 15 10 39 157 27 215 48 214 45 146
