17000 30 371 28 163 22 122 43 273 14 77 4 189 47 268 18 116 26 280 21 128 41 207 39 82 10 101 35 161 6 200 9 203 27 23 24 199 49 264 44 54 3 90 7 249 1 228 15 187 20 87 13 89 50 61 48 77 31 240 2 249 45 84
17001 30 355 41 148 29 7 34 34 28 120 2 35 38 251 47 295 23 145 3 136 24 206 10 11 46 286 8 181 5 61 40 95 14 112 15 146 33 67 42 179 16 267 17 169 27 294 39 286 6 134 13 67 1 269 36 261 49 72 20 165 4 283
17002 30 367 10 32 48 226 6 267 47 16 8 25 11 146 18 32 34 231 1 276 22 211 32 22 37 250 26 269 12 259 19 239 15 185 42 161 38 222 9 171 41 20 39 44 45 212 4 47 21 72 46 40 44 77 27 159 3 197 14 295 16 55
17003 30 408 38 262 18 44 11 51 31 181 24 19 26 214 21 181 25 261 1 169 37 151 8 274 45 134 35 249 30 100 43 245 6 281 48 200 23 165 46 6 39 156 9 193 16 218 49 154 4 43 32 134 10 255 28 165 33 224 41 43 40 140
17004 30 361 46 38 21 201 30 47 10 154 45 3 6 9 28 266 38 151 40 163 5 96 13 80 18 151 20 262 11 158 29 82 8 60 19 265 9 114 27 166 37 165 26 79 47 82 24 59 44 261 33 55 3 243 14 81 22 193 42 157 7 176
17005 30 380 3 128 2 218 14 118 37 91 47 83 23 70 44 85 15 154 19 270 6 264 33 139 39 6 46 300 10 106 16 62 35 120 31 98 17 189 13 7 45 197 21 300 18 242 27 196 34 278 26 141 36 87 25 5 43 236 28 137 8 283
17006 30 359 40 150 20 76 35 43 9 264 8 94 33 135 34 168 24 58 22 143 30 217 28 142 46 267 18 81 49 91 38 231 39 270 2 264 6 44 25 271 3 168 4 288 1 121 13 210 45 155 42 261 43 277 31 74 16 203 10 170 5 181
17007 30 370 23 174 34 62 26 6 24 236 2 280 27 62 13 63 21 213 15 260 9 237 45 283 4 49 36 259 29 93 41 53 16 76 44 81 39 279 33 218 7 296 32 269 17 196 28 110 5 28 19 5 37 205 47 153 14 280 11 126 42 26
17008 30 414 16 60 22 151 38 83 46 3 37 224 42 112 28 6 30 126 11 300 41 190 48 2 12 86 8 131 33 196 47 156 36 239 43 189 27 216 20 79 39 26 9 206 45 205 29 108 26 265 23 15 14 55 17 49 24 177 5 188 13 255
17009 30 381 7 273 13 86 20 169 16 177 11 241 44 83 8 93 4 171 49 170 21 296 29 208 19 255 47 83 25 151 39 48 15 76 17 284 41 45 32 238 31 204 28 282 40 96 38 199 48 95 23 297 22 112 6 238 34 92 30 24 5 154
17010 30 350 32 137 7 114 14 90 4 11 27 202 19 76 48 160 46 292 21 259 10 105 44 197 18 98 23 273 31 10 29 94 25 170 49 236 2 6 24 149 15 223 47 209 5 108 8 283 41 48 28 257 13 295 9 168 20 160 35 43 6 45
17011 30 377 38 110 2 244 21 208 44 228 42 211 5 73 3 154 36 104 33 244 32 30 46 77 12 166 23 250 40 230 29 91 47 273 14 156 18 291 28 97 8 188 35 203 19 64 6 217 43 83 31 222 10 64 26 234 27 283 20 79 16 51
17012 30 324 14 20 10 2 4 264 22 169 21 188 11 289 19 252 33 103 32 6 30 41 20 57 26 196 39 228 15 169 25 102 5 244 48 23 16 87 35 55 8 86 45 192 38 109 37 67 28 8 3 161 7 230 2 77 18 216 24 23 13 162
17013 30 406 34 82 6 175 44 271 25 283 32 161 49 57 17 177 16 244 31 276 3 160 42 4 39 130 23 204 7 296 26 270 10 261 36 298 38 10 30 69 22 29 27 40 37 19 46 60 41 34 14 289 48 211 19 172 12 271 24 135 15 170
17014 30 334 24 185 7 22 44 300 34 215 46 33 27 61 3 49 39 228 37 152 48 14 49 209 21 229 6 266 40 134 11 77 35 17 12 199 14 97 25 277 1 123 15 278 9 167 32 261 4 117 18 19 16 144 8 199 29 170 13 187 2 187
17015 30 342 38 78 37 12 43 215 23 259 41 146 14 180 12 267 46 129 36 62 25 245 10 205 15 39 18 53 27 80 4 15 19 232 1 33 26 165 5 34 8 250 35 23 29 97 40 125 3 23 49 258 6 95 28 80 9 153 13 238 24 128
17016 30 396 43 20 19 269 49 247 8 101 6 58 45 84 48 59 42 192 40 68 21 71 28 225 18 292 14 223 5 138 9 218 7 164 26 58 32 34 15 289 39 88 30 27 11 103 47 288 27 215 31 241 37 37 38 136 36 155 20 82 2 201
17017 30 362 17 166 42 144 16 80 31 7 11 10 19 263 6 56 22 138 32 260 25 111 47 62 48 103 45 125 18 261 28 249 44 37 9 253 5 124 10 213 15 182 2 198 43 276 40 37 7 244 1 116 35 237 30 273 29 40 27 195 20 264
17018 30 361 10 259 23 256 16 75 21 272 12 248 28 170 33 66 26 64 40 194 48 218 36 241 13 241 19 257 39 178 49 188 37 4 3 13 27 184 24 13 8 208 35 272 17 278 11 198 6 129 34 117 4 72 1 187 29 263 44 239 30 262
17019 30 375 6 160 32 94 22 142 41 129 47 33 40 32 7 54 5 130 31 272 29 136 23 265 17 185 11 105 27 192 16 234 1 49 25 190 18 105 13 266 38 252 39 10 43 192 33 266 34 125 3 292 36 94 46 182 10 147 12 212 45 50
17020 30 411 23 296 44 216 28 9 37 148 49 275 33 125 24 75 27 65 31 62 11 88 26 228 7 102 43 5 13 256 1 214 30 247 46 276 18 132 25 18 8 58 42 232 32 170 48 214 9 238 34 67 41 78 6 33 19 64 22 178 45 143
17021 30 390 24 264 31 105 33 214 26 83 30 8 40 180 18 29 15 87 20 94 10 127 28 35 45 242 7 172 2 206 44 179 46 262 37 180 27 262 12 106 4 38 39 82 25 253 48 284 29 25 21 126 16 177 49 218 34 167 13 12 8 25
17022 30 378 36 140 2 197 1 109 18 154 48 207 38 252 33 292 49 17 23 175 37 248 41 15 46 110 14 172 11 213 32 288 29 49 22 68 4 59 24 210 30 164 26 228 25 123 3 132 15 48 28 265 13 56 34 175 12 139 35 224 27 177
17023 30 410 24 217 25 211 22 256 35 273 11 149 20 188 16 132 46 178 17 170 42 158 7 102 38 95 40 294 2 66 18 70 28 91 49 65 14 109 13 83 48 130 43 8 33 265 21 102 47 192 6 72 31 49 23 198 39 198 37 262 26 283
17024 30 397 44 56 49 37 15 181 3 115 23 275 16 283 24 159 40 145 39 191 20 188 10 64 26 7 48 164 32 104 5 30 42 271 12 296 35 284 19 43 9 160 11 89 18 23 30 290 1 294 43 232 37 113 29 254 46 158 47 199 21 222
17025 30 390 14 141 45 93 32 66 34 220 19 29 16 278 47 226 26 150 25 176 48 135 36 236 33 143 20 204 6 212 1 93 29 185 28 183 9 229 8 134 44 272 38 69 30 140 37 52 46 268 24 260 3 38 18 146 35 166 17 205 13 248
17026 30 360 44 116 37 95 18 175 43 85 49 54 36 241 25 3 38 247 16 174 27 104 29 284 21 147 2 275 11 152 26 188 15 195 12 259 10 12 17 47 5 44 42 290 3 59 13 279 7 146 24 53 1 16 41 87 46 266 35 159 28 260
17027 30 409 5 169 14 263 33 92 25 284 48 22 10 103 21 110 18 22 30 210 11 266 47 61 13 163 22 20 49 30 32 126 41 286 46 154 28 245 45 199 23 149 42 13 29 202 26 14 40 186 12 88 17 143 15 8 31 62 39 158 7 52
17028 30 342 4 255 24 104 27 57 23 121 19 151 49 78 38 141 17 273 2 6 39 96 22 298 28 83 11 208 20 265 25 23 21 101 26 50 7 298 43 76 30 268 46 2 16 275 40 44 8 200 3 81 5 93 14 19 10 193 32 287 35 207
17029 30 401 44 277 24 19 17 69 28 218 22 208 39 90 12 81 31 69 1 221 34 69 30 228 47 286 15 285 29 49 43 172 16 242 46 285 19 65 6 28 3 197 40 134 10 184 45 4 32 224 20 28 48 80 8 115 23 205 49 142 21 22
17030 30 412 3 62 5 234 21 90 33 267 44 216 40 136 32 111 15 212 18 71 43 215 2 250 24 155 30 167 38 88 47 292 49 52 25 172 41 209 36 125 23 156 42 88 10 210 26 111 11 57 34 167 37 251 39 117 9 234 20 125 28 92
17031 30 359 31 19 30 140 11 56 2 123 12 86 42 100 38 83 25 177 23 41 16 114 33 275 48 82 17 258 10 290 22 41 39 252 32 251 7 234 26 170 21 167 20 210 49 246 36 22 1 187 27 234 4 1 3 274 35 94 19 152 40 85
17032 30 423 23 49 36 119 7 209 39 45 29 217 35 218 30 148 21 43 46 248 43 72 37 54 4 57 8 46 42 130 27 300 32 85 22 129 38 159 25 157 41 72 28 183 33 266 45 267 20 160 17 53 13 31 40 94 48 140 6 64 11 46
17033 30 420 37 140 31 159 12 163 26 8 29 31 10 300 43 116 17 47 6 279 28 296 24 244 47 240 41 236 45 249 49 207 44 237 46 26 38 23 19 68 5 278 18 47 36 94 1 66 23 98 39 166 30 209 9 179 33 254 15 230 40 237
17034 30 366 6 187 32 141 35 206 4 34 46 171 30 77 31 160 2 39 39 186 43 153 16 272 8 190 1 67 28 41 33 279 25 10 13 159 29 133 38 155 14 297 9 2 37 94 44 292 11 17 7 69 10 187 42 23 47 137 49 165 3 74
17035 30 438 41 219 45 232 32 62 22 250 38 9 49 232 31 278 14 30 16 120 10 16 37 220 48 142 44 244 12 295 35 233 39 168 2 8 15 223 9 152 34 159 33 14 36 248 43 1 18 4 6 276 47 164 28 3 29 110 46 273 17 164
17036 30 381 40 150 23 225 16 158 22 10 11 291 28 146 41 43 45 256 3 187 33 105 15 294 48 262 18 142 17 256 10 281 46 210 27 212 43 186 24 236 1 152 49 49 13 183 29 177 2 93 44 295 9 150 5 241 47 16 42 259 12 77
17037 30 359 32 147 30 35 22 281 8 120 29 23 5 233 1 231 37 193 26 81 4 77 44 23 41 42 47 99 2 105 15 183 48 25 13 152 7 115 34 95 10 61 38 114 18 198 14 296 9 289 28 110 45 294 21 290 35 220 49 71 6 117
17038 30 410 24 16 44 188 5 157 46 65 26 195 20 292 43 28 32 220 39 177 15 233 49 254 19 218 17 40 42 132 47 260 12 3 40 83 34 204 31 14 11 52 16 20 9 34 35 224 18 177 3 157 41 43 14 23 38 217 29 66 22 295
17039 30 419 37 280 28 227 31 205 46 76 42 72 34 181 39 163 35 198 23 75 40 139 49 109 32 288 27 48 18 56 15 139 2 170 29 280 26 275 25 199 11 7 41 136 47 167 16 288 19 55 14 266 20 184 33 49 13 82 9 208 38 121
17040 30 376 14 127 45 6 41 172 28 239 30 248 44 243 15 116 47 128 33 30 12 81 34 252 21 174 24 86 2 118 43 65 10 15 7 187 5 136 36 298 31 151 26 79 6 109 23 249 22 8 25 280 1 154 39 109 42 193 27 180 20 228
17041 30 356 1 45 8 9 3 80 9 227 40 13 21 72 37 152 6 83 26 208 36 266 16 27 12 56 38 287 11 207 15 214 4 272 22 208 30 134 43 242 31 210 23 163 35 80 48 201 32 15 47 218 25 203 34 238 41 51 5 82 14 18
17042 30 357 45 76 2 126 25 204 23 153 16 132 36 80 28 105 7 82 39 94 42 196 3 257 8 93 9 262 26 167 33 140 29 267 40 255 44 195 46 261 10 283 37 248 27 42 14 74 22 31 32 44 17 251 6 186 13 20 20 292 15 32
17043 30 378 3 149 23 194 35 123 18 114 16 281 37 13 4 270 2 285 13 68 41 126 48 202 49 262 21 68 1 158 26 103 20 34 15 202 27 155 42 28 47 178 45 24 44 277 5 197 10 35 19 21 40 27 8 141 34 47 46 262 17 287
17044 30 339 14 117 41 262 36 152 49 257 20 69 4 190 12 197 29 141 7 21 42 67 33 257 6 180 18 273 23 6 40 59 21 56 35 193 3 133 22 253 2 12 15 251 13 97 31 31 38 210 25 111 32 181 1 209 45 219 16 172 5 77
17045 30 387 38 57 21 144 15 285 42 114 17 23 20 205 34 246 18 126 9 129 28 51 30 295 32 61 5 138 37 242 44 209 8 193 24 260 45 216 36 240 3 66 11 246 12 160 6 293 40 116 49 228 23 213 33 106 7 200 41 65 46 118
17046 30 402 13 206 23 157 47 41 6 26 49 9 27 181 16 234 38 282 40 89 15 284 29 129 37 145 41 292 4 155 12 296 21 269 17 267 45 203 28 40 20 180 43 55 9 271 33 197 18 220 39 159 25 94 8 155 7 155 46 18 48 62
17047 30 367 17 140 39 236 19 33 42 229 4 125 27 223 46 116 33 72 9 292 1 293 23 294 37 270 13 28 26 245 8 66 32 279 49 274 7 154 34 76 47 199 10 68 2 46 21 221 40 256 31 281 18 196 14 196 44 237 3 147 38 238
17048 30 392 24 134 38 234 4 98 37 299 35 199 46 6 42 254 47 47 40 205 27 22 25 125 36 70 18 274 17 164 11 42 2 197 13 53 22 100 1 17 7 95 23 103 41 64 10 70 34 194 5 11 48 279 29 11 49 113 39 214 15 63
17049 30 422 13 168 31 169 12 153 23 102 17 134 21 54 16 176 22 179 25 152 7 138 42 129 47 84 30 9 43 226 37 5 4 172 49 207 40 133 1 245 20 72 44 223 32 31 29 100 41 40 24 83 15 10 39 57 27 115 48 114 45 46
