17000 15 181 28 313 22 272 43 423 14 227 4 339 47 418 18 116 26 130 21 428 41 207 39 382 10 101 35 161 6 200 9 353
17001 15 180 27 23 24 349 18 199 14 194 4 153 40 172 22 407 49 251 28 278 35 164 1 294 15 37 20 237 13 239 50 211
17002 15 203 6 298 27 1 1 281 40 274 2 249 22 254 26 350 45 384 41 148 29 307 34 334 28 420 35 338 47 145 23 145
17003 15 173 3 436 24 56 34 147 10 11 46 136 8 31 28 155 11 34 40 245 14 412 15 296 33 367 42 29 16 267 23 317
17004 15 203 19 210 42 427 44 89 36 56 34 23 13 217 1 269 29 286 11 423 49 222 20 315 17 304 33 110 32 348 26 106
17005 15 184 17 297 16 208 25 361 46 160 18 32 34 81 48 434 1 426 22 211 32 22 37 100 26 269 12 259 19 239 15 35
17006 15 202 37 282 42 11 38 222 9 171 6 341 20 439 44 445 12 104 47 34 21 72 39 446 40 100 4 160 18 194 27 51
17007 15 188 38 88 42 177 9 53 47 314 45 366 5 338 12 318 44 61 1 181 31 24 19 176 14 171 25 111 37 301 8 274
17008 15 217 45 134 35 249 30 100 43 395 6 131 24 174 18 326 48 350 23 315 46 6 39 306 9 43 16 368 49 154 4 343
17009 15 199 26 309 25 432 34 300 1 160 5 249 11 280 23 425 28 15 31 33 24 373 39 291 43 440 40 46 38 421 30 47
17010 15 139 10 4 30 95 3 130 6 159 28 416 38 151 40 13 5 396 13 380 18 151 20 262 11 308 29 82 8 210 19 265
17011 15 178 9 114 19 388 27 316 37 315 18 376 29 47 32 324 11 244 33 55 3 243 14 231 26 172 43 105 42 307 13 407
17012 15 203 26 353 28 352 18 414 37 391 47 383 23 70 44 235 15 304 19 420 6 264 33 139 39 156 46 450 10 406 16 212
17013 15 196 35 120 31 398 37 367 39 185 2 263 7 395 47 221 18 242 6 331 27 346 21 434 28 16 33 268 26 441 36 87
17014 15 196 25 155 18 373 43 86 13 328 37 125 36 433 23 58 33 290 40 170 26 385 9 114 8 94 35 84 24 58 22 143
17015 15 173 30 367 28 292 46 267 18 81 49 241 38 81 39 120 2 114 6 194 25 271 3 318 4 438 1 271 13 60 45 155
17016 15 167 42 411 34 435 8 250 3 388 49 243 27 181 24 166 25 331 10 20 5 331 23 24 12 26 6 224 36 102 30 177
17017 15 187 12 413 13 421 15 410 9 87 45 433 4 49 36 109 29 393 41 53 16 226 44 231 39 129 33 68 7 446 32 119
17018 15 182 17 346 36 428 10 444 16 355 28 419 5 287 13 167 47 153 21 164 30 136 7 211 26 387 45 395 42 26 22 1
17019 15 233 38 233 46 303 37 74 22 142 12 78 6 180 26 61 41 40 48 302 36 446 8 131 33 196 47 6 39 293 27 366
17020 15 176 12 170 29 439 26 108 16 138 9 356 27 345 5 29 8 43 15 173 20 314 17 49 45 59 37 374 48 93 38 170
17021 15 177 13 405 7 273 36 220 19 166 27 211 41 194 33 158 43 404 21 349 20 121 46 229 8 219 5 257 11 347 25 301
17022 15 230 39 198 15 76 17 434 41 195 44 32 38 179 32 132 11 131 4 381 28 132 40 246 49 158 48 395 23 297 31 422
17023 15 186 12 306 38 147 47 184 42 180 24 120 20 405 4 282 37 207 14 164 40 4 11 377 2 169 26 48 10 450 46 292
17024 15 178 21 109 10 255 48 144 47 77 19 368 23 273 31 10 29 244 25 20 49 236 2 6 24 449 15 223 9 246 5 108
17025 15 156 5 360 8 133 18 75 32 191 48 314 2 428 7 78 13 445 9 318 20 10 35 43 6 345 38 110 44 71 28 242
17026 15 188 11 355 23 153 4 386 33 94 32 330 3 396 27 112 16 196 40 230 46 179 41 197 14 306 18 291 47 278 21 33
17027 15 152 2 208 38 35 3 69 14 56 17 342 19 382 40 443 33 31 22 428 10 214 26 84 27 133 20 229 32 416 1 414
17028 15 182 20 310 2 204 14 122 19 371 38 61 39 119 33 403 32 6 30 41 7 176 46 339 28 215 10 233 21 175 26 155
17029 15 183 44 298 23 366 37 435 5 258 36 289 10 120 45 192 14 398 38 109 17 376 28 158 26 153 11 7 30 315 2 227
17030 15 202 39 368 16 276 24 173 13 312 34 232 6 175 44 271 25 433 32 11 49 357 17 177 31 276 3 310 42 4 30 423
17031 15 208 4 307 46 226 20 360 11 253 17 436 48 388 10 280 19 222 29 327 40 257 42 284 37 319 38 46 41 184 14 289
17032 15 207 48 361 16 419 22 377 23 439 12 121 26 123 46 396 30 274 35 286 15 170 24 185 7 172 44 450 34 365 33 327
17033 15 159 11 353 49 339 28 187 2 348 14 424 9 421 29 384 6 266 27 340 34 84 35 17 12 49 47 375 1 123 15 278
17034 15 161 9 17 25 74 40 74 32 411 4 117 18 319 16 294 8 349 29 320 27 113 37 339 13 252 38 78 12 243 15 223
17035 15 130 9 141 46 300 14 30 12 267 29 136 25 395 10 55 15 189 18 203 27 380 4 165 19 82 1 33 26 165 5 184
17036 15 205 8 100 35 173 29 397 40 275 27 177 38 203 23 399 37 137 25 241 15 406 45 429 28 230 9 303 46 413 5 114
17037 15 205 24 128 43 170 19 119 49 397 8 101 6 358 45 384 48 59 42 192 40 68 21 371 28 75 18 292 14 373 5 438
17038 15 214 49 209 18 419 7 164 26 208 32 184 15 439 28 49 39 88 42 180 27 161 3 97 38 27 31 241 37 337 36 436
17039 15 175 5 156 45 70 32 352 1 17 16 392 44 116 30 81 7 161 10 369 13 406 6 192 22 288 25 261 47 362 48 103
17040 15 160 17 442 22 350 45 125 16 411 18 411 28 99 44 337 9 403 5 424 10 213 15 32 2 198 43 276 40 187 7 94
17041 15 171 6 401 16 257 45 390 25 357 9 185 37 207 30 423 17 282 29 40 44 93 27 195 5 119 20 114 10 259 23 256
17042 15 210 16 75 21 422 12 248 28 170 33 66 26 364 40 44 48 368 36 91 13 391 19 257 39 328 49 188 37 154 3 13
17043 15 157 26 377 34 389 24 13 8 208 28 85 22 167 19 136 13 61 48 256 29 56 3 367 17 317 23 4 16 399 4 101
17044 15 201 37 279 13 444 39 190 30 262 6 310 32 94 22 292 41 429 47 333 40 332 7 54 5 430 31 122 29 286 23 265
17045 15 177 17 335 11 255 27 42 16 84 1 349 25 190 18 105 13 416 38 252 47 39 10 350 43 192 33 266 22 418 34 425
17046 15 227 40 153 42 107 36 394 5 413 18 246 32 123 10 447 12 362 45 200 23 296 44 366 28 159 37 448 49 125 33 275
17047 15 161 24 225 27 65 31 212 11 388 26 78 33 257 2 293 5 413 6 251 14 430 47 107 46 126 18 432 25 168 8 358
17048 15 197 42 232 32 20 48 64 33 408 1 59 38 184 17 391 28 274 6 333 24 169 14 222 9 348 45 293 31 405 26 233
17049 15 167 30 308 40 330 18 329 15 387 20 244 10 277 28 335 45 92 7 322 2 56 44 179 31 296 12 87 27 112 6 420
