17000 20 255 28 263 22 122 43 223 14 127 4 289 47 318 18 116 26 180 21 278 41 107 39 182 10 51 35 11 6 150 9 103 27 73 24 149 49 264 44 254 3 290
17001 20 257 22 72 7 299 1 78 28 224 18 135 14 201 44 15 37 304 20 237 24 263 39 200 11 56 48 127 31 340 2 349 4 76 50 127 45 34 41 98 29 257
17002 20 236 34 234 28 70 2 135 38 201 47 345 23 45 3 186 24 256 10 61 46 286 8 281 5 211 40 95 14 262 15 46 33 317 42 329 16 317 17 219 27 194
17003 20 240 39 86 6 284 23 13 17 1 19 29 36 61 49 322 20 315 4 83 10 282 48 176 47 116 8 275 11 46 18 132 34 331 1 176 22 61 32 222 37 200
17004 20 232 26 69 12 259 19 189 15 135 37 282 42 111 38 272 9 321 6 141 20 239 44 95 4 347 34 188 21 222 39 196 40 50 10 239 18 144 27 201 3 97
17005 20 250 14 345 16 205 38 262 18 94 11 151 31 81 24 119 26 114 21 181 25 11 1 69 37 301 8 224 45 284 35 199 30 250 43 45 6 131 48 100 23 15
17006 20 270 46 156 39 206 6 159 43 206 16 118 49 204 48 80 4 43 26 9 25 232 34 350 1 60 5 99 11 180 23 325 28 65 31 133 24 323 41 243 40 240
17007 20 230 46 38 21 1 30 47 10 54 45 53 6 159 28 116 38 101 40 13 5 46 13 180 18 251 20 62 11 158 29 332 8 310 19 165 9 264 27 216 37 165
17008 20 269 18 76 29 247 32 24 9 211 44 211 33 255 3 43 14 331 26 22 43 5 42 257 13 207 28 102 37 291 47 283 23 70 35 65 4 319 20 6 39 339
17009 20 258 6 33 46 300 39 210 16 112 35 270 31 98 37 67 2 163 7 45 47 121 18 242 27 246 21 34 28 16 33 18 26 291 36 337 25 105 23 243 13 78
17010 20 290 37 75 36 233 23 208 33 290 40 20 26 185 43 9 14 58 44 83 35 84 18 224 8 22 30 67 28 42 46 117 31 349 41 88 39 120 2 314 6 94
17011 20 212 25 171 3 268 4 38 1 171 13 210 45 105 42 61 34 335 8 300 38 299 43 277 31 224 16 203 10 170 5 281 23 224 12 26 6 24 36 302 30 27
17012 20 240 12 113 13 321 15 160 9 87 45 283 4 249 36 9 29 293 41 103 16 76 44 231 39 229 33 168 7 346 32 219 17 296 28 260 5 228 19 205 37 305
17013 20 276 13 217 47 303 21 214 30 336 7 61 26 237 45 345 42 76 16 310 22 201 38 83 46 53 37 24 12 128 6 80 11 200 41 40 48 252 36 296 8 181
17014 20 264 38 233 46 97 6 146 36 139 43 189 27 116 12 70 29 139 26 58 16 188 9 306 45 155 8 43 15 223 20 64 5 267 49 45 37 24 48 93 13 255
17015 20 244 7 173 13 286 20 319 16 227 11 91 44 233 8 93 4 121 49 270 21 196 29 158 19 205 47 183 25 51 39 198 15 176 17 184 41 245 32 288 31 304
17016 20 281 31 178 32 190 46 238 49 158 48 145 40 173 47 231 22 212 6 38 34 192 30 174 20 20 5 104 37 57 14 164 4 11 27 152 19 276 10 250 42 71
17017 20 248 9 200 10 105 48 344 47 127 19 168 23 73 31 310 29 344 25 20 49 286 2 256 24 349 15 323 46 305 8 105 5 250 33 218 32 191 14 302 28 157
17018 20 264 28 348 8 313 45 159 18 20 10 235 43 6 38 310 2 94 21 8 44 328 42 211 5 23 3 304 36 154 33 144 32 80 46 27 12 316 23 200 40 280
17019 20 243 46 179 41 297 23 14 6 68 47 278 21 283 2 308 38 85 3 69 14 106 17 342 19 132 40 193 33 181 22 178 10 314 26 84 27 183 20 329 32 16
17020 20 237 1 314 20 210 2 254 14 72 19 171 38 211 39 19 33 303 32 6 30 41 7 276 46 39 28 65 10 233 21 25 26 305 44 298 23 166 37 185 5 158
17021 20 241 36 139 10 220 45 42 14 248 38 59 37 17 26 105 28 158 3 11 7 130 15 252 27 289 18 216 24 23 13 262 34 332 6 325 44 321 25 183 32 311
17022 20 278 49 107 17 277 16 194 31 76 3 310 42 154 39 130 23 54 7 146 26 320 10 161 36 298 38 160 30 219 22 329 27 290 34 237 19 188 46 260 41 34
17023 20 245 41 14 39 48 11 116 19 322 27 73 12 21 26 23 46 96 30 24 35 336 15 320 24 85 7 22 44 300 34 115 33 227 3 199 28 237 2 248 14 174
17024 20 216 49 209 21 129 34 106 16 50 27 290 11 127 35 167 12 249 14 297 25 77 1 323 15 328 9 167 24 340 32 61 4 167 18 269 44 208 29 320 13 137
17025 20 238 39 213 2 137 38 78 37 112 43 215 23 259 41 246 14 30 12 317 46 229 36 62 25 245 10 55 15 139 18 153 27 80 4 115 19 232 1 133 26 215
17026 20 268 5 34 8 150 35 23 29 147 40 25 27 27 38 203 23 99 37 237 25 241 15 6 45 329 28 330 9 203 46 63 14 74 43 220 19 19 49 47 1 119
17027 20 239 6 308 8 195 34 98 9 42 42 190 18 21 21 28 25 118 14 173 5 288 49 309 19 157 26 208 32 84 15 139 28 49 39 138 30 327 11 3 47 138
17028 20 255 27 65 31 241 37 237 28 288 36 136 5 6 45 20 32 302 1 17 16 242 44 316 30 81 7 261 10 119 13 156 6 92 22 238 25 311 47 62 48 203
17029 20 224 17 342 22 350 45 325 16 211 18 111 28 99 44 337 9 203 5 74 10 163 15 182 2 298 43 326 40 37 7 44 6 101 25 207 35 337 30 323 32 229
17030 20 262 40 294 43 6 27 45 5 319 20 164 10 209 23 6 16 175 21 322 12 348 28 20 33 166 26 264 44 48 18 136 41 163 19 207 48 189 13 349 38 87
17031 20 191 4 303 13 76 27 234 39 74 8 208 28 185 22 167 19 136 11 298 6 29 3 217 34 67 17 173 16 49 1 237 29 313 44 239 40 80 12 6 10 132
17032 20 275 44 272 42 241 29 272 47 333 40 332 7 154 5 280 31 22 36 273 15 267 35 111 27 342 16 34 1 249 25 340 18 155 13 216 38 2 39 110 43 192
17033 20 300 33 166 22 118 38 338 34 125 40 153 42 107 36 44 5 163 18 146 32 273 10 47 12 12 45 200 23 196 44 266 28 159 37 348 49 225 25 124 27 15
17034 20 239 31 312 11 238 26 328 33 107 2 43 5 263 6 151 14 280 47 257 46 226 18 82 25 68 8 208 42 232 32 320 48 64 1 9 38 334 17 241 28 24
17035 20 287 6 33 24 219 14 322 28 309 48 145 43 24 31 55 33 214 26 183 30 258 40 30 18 279 15 137 20 144 10 277 35 145 42 107 22 202 44 129 46 162
17036 20 236 37 280 27 62 12 256 20 4 38 189 32 54 25 253 48 134 29 175 21 126 16 177 49 118 34 17 13 212 8 175 36 190 2 147 1 59 18 304 7 38
17037 20 259 2 233 42 199 17 73 25 87 48 91 15 196 10 148 14 322 11 213 32 138 23 291 46 173 49 164 29 99 22 118 4 209 33 274 30 14 26 278 41 299
17038 20 251 36 153 32 275 4 215 48 178 15 113 6 113 34 25 12 289 11 213 18 235 24 200 27 27 17 325 22 306 35 273 49 70 38 166 46 278 20 292 8 257
17039 20 238 2 120 25 288 45 224 40 194 16 268 20 292 28 41 49 65 14 9 13 33 48 30 17 343 8 183 15 249 21 302 11 297 42 306 22 181 23 148 18 143
17040 20 255 39 148 35 137 12 298 47 76 33 244 6 149 37 215 31 253 15 223 25 216 24 59 40 245 41 170 38 310 14 276 7 98 20 198 10 348 32 54 5 280
17041 20 273 42 271 12 146 35 284 20 50 19 243 9 110 40 149 11 139 10 24 16 268 23 80 39 339 1 94 43 332 37 163 44 132 49 129 4 198 46 108 47 349
17042 20 248 21 322 14 91 45 293 32 166 34 70 19 229 16 78 47 226 26 250 25 26 48 135 36 236 33 343 20 4 6 262 1 343 29 85 28 233 9 29 8 84
17043 20 265 28 44 22 264 38 269 48 30 40 101 37 2 1 337 46 168 24 10 3 188 18 146 20 145 26 287 14 3 30 235 16 17 5 13 44 266 45 218 25 343
17044 20 230 35 49 4 87 36 291 25 53 38 47 16 324 27 4 37 129 34 21 47 152 11 152 21 276 15 295 12 9 29 60 17 97 5 44 2 142 40 103 9 63
17045 20 209 29 213 2 7 46 174 3 149 1 16 21 291 37 137 36 301 16 162 7 35 9 211 28 210 5 319 14 13 33 342 25 184 48 222 10 3 18 122 30 110
17046 20 280 11 16 47 11 13 163 22 270 49 80 32 76 41 86 46 204 28 195 25 14 45 149 23 149 21 282 18 92 29 152 26 314 40 136 12 338 17 293 15 108
17047 20 247 31 212 13 81 39 308 7 252 4 155 24 54 27 157 23 171 19 51 49 228 38 341 17 223 2 6 46 22 48 78 33 261 8 122 20 165 25 123 21 51
17048 20 235 26 200 7 348 20 128 43 26 28 230 18 96 2 169 16 275 40 144 8 200 3 81 19 69 5 143 39 314 10 243 46 232 37 93 35 207 44 277 24 119
17049 20 244 17 19 28 218 22 158 39 190 12 31 31 169 1 21 34 69 30 328 47 336 15 85 29 49 43 272 16 192 46 185 19 165 6 228 3 297 40 84 10 234
