17000 15 181 28 63 22 322 43 273 14 377 4 89 47 268 18 216 26 180 21 428 41 207 39 482 10 101 35 361 6 500 9 303
17001 15 180 27 323 24 99 18 49 14 144 4 153 40 422 22 57 49 451 28 228 35 264 1 394 15 87 20 87 13 189 50 461
17002 15 203 6 448 27 451 1 381 40 374 2 349 22 454 26 50 45 484 41 48 29 107 34 334 28 220 35 388 47 195 23 145
17003 15 173 3 436 24 6 34 397 10 11 46 86 8 281 28 455 11 434 40 195 14 12 15 446 33 67 42 179 16 167 23 17
17004 15 203 19 110 42 27 44 489 36 256 34 423 13 67 1 469 29 36 11 473 49 272 20 365 17 54 33 260 32 98 26 406
17005 15 184 17 447 16 58 25 261 46 310 18 332 34 31 48 334 1 176 22 111 32 422 37 450 26 469 12 59 19 339 15 385
17006 15 202 37 332 42 461 38 122 9 171 6 341 20 39 44 95 12 154 47 434 21 472 39 196 40 250 4 210 18 94 27 401
17007 15 188 38 38 42 227 9 303 47 364 45 316 5 38 12 218 44 61 1 431 31 474 19 476 14 221 25 161 37 51 8 274
17008 15 217 45 34 35 49 30 500 43 245 6 81 24 124 18 326 48 300 23 65 46 106 39 256 9 493 16 118 49 254 4 143
17009 15 199 26 359 25 182 34 50 1 360 5 149 11 330 23 75 28 465 31 33 24 173 39 41 43 390 40 396 38 271 30 447
17010 15 139 10 354 30 245 3 430 6 209 28 466 38 251 40 463 5 496 13 280 18 251 20 162 11 58 29 282 8 260 19 465
17011 15 178 9 14 19 488 27 66 37 465 18 326 29 47 32 274 11 294 33 455 3 143 14 181 26 422 43 355 42 257 13 407
17012 15 203 26 253 28 402 18 14 37 191 47 383 23 270 44 185 15 254 19 370 6 164 33 339 39 6 46 400 10 306 16 162
17013 15 196 35 320 31 398 37 167 39 385 2 313 7 95 47 421 18 142 6 181 27 196 21 84 28 116 33 268 26 141 36 187
17014 15 196 25 5 18 423 43 36 13 278 37 175 36 383 23 408 33 40 40 220 26 135 9 164 8 194 35 334 24 358 22 443
17015 15 173 30 217 28 142 46 267 18 481 49 191 38 231 39 170 2 64 6 344 25 171 3 468 4 388 1 421 13 10 45 255
17016 15 167 42 461 34 135 8 350 3 138 49 493 27 81 24 166 25 81 10 70 5 281 23 174 12 326 6 474 36 102 30 477
17017 15 187 12 163 13 71 15 60 9 437 45 183 4 249 36 359 29 93 41 253 16 76 44 81 39 279 33 318 7 96 32 69
17018 15 182 17 196 36 78 10 294 16 205 28 319 5 237 13 67 47 153 21 414 30 436 7 161 26 487 45 195 42 26 22 51
17019 15 233 38 483 46 103 37 24 22 492 12 478 6 30 26 11 41 90 48 102 36 296 8 31 33 396 47 156 39 493 27 16
17020 15 176 12 20 29 39 26 8 16 388 9 406 27 45 5 79 8 443 15 473 20 464 17 149 45 9 37 74 48 93 38 470
17021 15 177 13 255 7 273 36 170 19 116 27 311 41 394 33 208 43 354 21 199 20 171 46 379 8 169 5 457 11 197 25 451
17022 15 230 39 448 15 476 17 184 41 45 44 432 38 129 32 482 11 281 4 331 28 82 40 396 49 8 48 295 23 97 31 122
17023 15 186 12 356 38 447 47 134 42 230 24 420 20 5 4 232 37 457 14 364 40 204 11 77 2 119 26 448 10 250 46 292
17024 15 178 21 159 10 105 48 94 47 27 19 168 23 273 31 10 29 94 25 470 49 336 2 306 24 249 15 223 9 446 5 8
17025 15 156 5 260 8 183 18 175 32 91 48 164 2 28 7 28 13 395 9 168 20 160 35 443 6 245 38 310 44 421 28 442
17026 15 188 11 455 23 153 4 236 33 344 32 130 3 346 27 12 16 96 40 30 46 129 41 97 14 356 18 391 47 328 21 333
17027 15 152 2 308 38 435 3 419 14 456 17 292 19 482 40 193 33 481 22 428 10 264 26 234 27 83 20 379 32 166 1 214
17028 15 182 20 110 2 254 14 272 19 271 38 461 39 369 33 303 32 206 30 141 7 226 46 39 28 165 10 183 21 375 26 255
17029 15 183 44 148 23 266 37 235 5 108 36 339 10 170 45 492 14 448 38 209 17 226 28 408 26 203 11 357 30 15 2 77
17030 15 202 39 118 16 376 24 423 13 162 34 182 6 175 44 71 25 83 32 461 49 357 17 77 31 376 3 60 42 304 30 273
17031 15 208 4 257 46 226 20 110 11 303 17 436 48 238 10 80 19 222 29 77 40 257 42 384 37 419 38 446 41 434 14 89
17032 15 207 48 211 16 419 22 427 23 339 12 71 26 123 46 196 30 224 35 86 15 70 24 185 7 122 44 100 34 215 33 277
17033 15 159 11 303 49 439 28 287 2 298 14 274 9 321 29 84 6 66 27 390 34 334 35 417 12 499 47 275 1 223 15 378
17034 15 161 9 367 25 74 40 474 32 461 4 17 18 19 16 44 8 399 29 270 27 13 37 239 13 302 38 78 12 293 15 73
17035 15 130 9 141 46 150 14 80 12 67 29 86 25 345 10 405 15 339 18 153 27 280 4 15 19 32 1 333 26 365 5 334
17036 15 205 8 50 35 323 29 297 40 225 27 327 38 253 23 249 37 87 25 141 15 206 45 29 28 280 9 153 46 63 5 464
17037 15 205 24 28 43 320 19 169 49 447 8 1 6 158 45 84 48 259 42 192 40 468 21 271 28 25 18 392 14 323 5 238
17038 15 214 49 409 18 319 7 64 26 158 32 34 15 489 28 399 39 388 42 130 27 211 3 297 38 27 31 241 37 137 36 386
17039 15 175 5 106 45 470 32 52 1 367 16 342 44 116 30 31 7 261 10 69 13 206 6 142 22 38 25 211 47 462 48 403
17040 15 160 17 342 22 400 45 225 16 111 18 261 28 49 44 437 9 53 5 424 10 113 15 82 2 298 43 176 40 137 7 244
17041 15 171 6 1 16 307 45 340 25 207 9 185 37 157 30 73 17 232 29 240 44 393 27 395 5 119 20 164 10 59 23 56
17042 15 210 16 175 21 272 12 48 28 470 33 466 26 264 40 294 48 318 36 41 13 41 19 457 39 378 49 288 37 4 3 413
17043 15 157 26 377 34 239 24 13 8 8 28 185 22 367 19 36 13 11 48 256 29 406 3 17 17 317 23 404 16 49 4 351
17044 15 201 37 179 13 494 39 340 30 162 6 360 32 94 22 142 41 329 47 133 40 232 7 154 5 230 31 72 29 436 23 65
17045 15 177 17 285 11 5 27 292 16 34 1 149 25 290 18 405 13 266 38 52 47 39 10 150 43 192 33 366 22 118 34 425
17046 15 227 40 253 42 457 36 294 5 413 18 246 32 423 10 347 12 312 45 350 23 196 44 316 28 9 37 348 49 375 33 425
17047 15 161 24 75 27 165 31 462 11 488 26 328 33 307 2 493 5 413 6 51 14 280 47 257 46 476 18 232 25 118 8 458
17048 15 197 42 332 32 70 48 414 33 158 1 109 38 134 17 291 28 124 6 133 24 169 14 272 9 248 45 443 31 405 26 283
17049 15 167 30 208 40 280 18 129 15 287 20 94 10 327 28 435 45 342 7 272 2 306 44 79 31 246 12 137 27 462 6 170
